This is the link file of route1
1499	1	1
1	1	2	50.0000	11.11	0	-0.985229625	0.185198486	2	0	1
2	2	3	49.9959	11.11	0	-0.492655210	0.127012051	2	0	1
3	3	4	49.9762	11.11	0	0.128071976	0.235997975	2	0	1
4	4	5	49.9654	11.11	0	0.221710979	0.227732068	2	0	1
5	5	6	49.9971	11.11	0	0.485847841	0.081942072	2	0	1
6	6	7	49.9634	11.11	0	0.359353433	0.150221036	2	0	1
7	7	8	50.0000	11.11	0	0.380574713	0.008060381	2	0	1
8	8	9	49.9989	11.11	0	0.116315165	0.035157399	2	0	1
9	9	10	49.9985	11.11	0	0.115034319	0.183923876	2	0	1
10	10	11	49.8683	11.11	0	-0.012014878	0.341353775	2	0	1
11	11	12	49.9649	11.11	0	-0.011991649	0.148801577	2	0	1
12	12	13	49.9992	11.11	0	-0.011983423	0.056488223	2	0	1
13	13	14	49.9944	11.11	0	0.110119374	0.015901739	2	0	1
14	14	15	50.0000	11.11	0	0.467895126	3.619E-11	2	0	1
15	15	16	50.0000	11.11	0	0.536681717	0.008607142	2	0	1
16	16	17	49.9989	11.11	0	0.742651645	0.000212409	2	0	1
17	17	18	49.9993	11.11	0	0.516873449	0.015374681	2	0	1
18	18	19	49.9996	11.11	0	0.629460652	0.103949293	2	0	1
19	19	20	49.9868	11.11	0	0.389791850	0.00600146	2	0	1
20	20	21	49.9789	11.11	0	0.485169840	0.126834781	2	0	1
21	21	22	49.9869	11.11	0	0.446752205	0.067282773	2	0	1
22	22	23	49.9668	11.11	0	0.511448149	0.145458042	2	0	1
23	23	24	49.9932	11.11	0	0.495428576	0.047256399	2	0	1
24	24	25	49.9705	11.11	0	0.494004720	0.153627772	2	0	1
25	25	26	50.0000	11.11	0	0.611572209	3.618E-11	2	0	1
26	26	27	50.0000	11.11	0	0.435119651	0.062155383	2	0	1
27	27	28	49.9958	11.11	0	0.514142280	0.133687277	2	0	1
28	28	29	49.9919	11.11	0	0.255514183	0.117742038	2	0	1
29	29	30	49.9785	11.11	0	0.202194629	0.215265729	2	0	1
30	30	31	49.9858	11.11	0	-0.018275058	0.107804119	2	0	1
31	31	32	49.9963	11.11	0	0.318891709	0.183462514	2	0	1
32	32	33	49.9116	11.11	0	0.340364253	0.199102937	2	0	1
33	33	34	49.9992	11.11	0	0.656056973	0.048484612	2	0	1
34	34	35	49.9962	11.11	0	0.321374328	0.015504602	2	0	1
35	35	36	50.0000	11.11	0	0.357279287	0.012861173	2	0	1
36	36	37	49.9996	11.11	0	0.401431638	0.015505508	2	0	1
37	37	38	49.9928	11.11	0	1.001182072	0.106826477	2	0	1
38	38	39	49.9885	11.11	0	1.118258785	0.048917118	2	0	1
39	39	40	50.0000	11.11	0	0.757568459	5.6E-13	2	0	1
40	40	41	50.0000	11.11	0	-0.025146484	5.6E-13	2	0	1
41	41	42	50.0000	11.11	0	-0.180664062	5.6E-13	2	0	1
42	42	43	50.0000	11.11	0	0.637105306	5.6E-13	2	0	1
43	43	44	50.0000	11.11	0	0.817769368	5.6E-13	2	0	1
44	44	45	50.0000	11.11	0	0.003682454	5.6E-13	2	0	1
45	45	46	50.0000	11.11	0	-1.015584310	3.671E-11	2	0	1
46	46	47	50.0000	11.11	0	-1.175089584	0.031996054	2	0	1
47	47	48	49.9906	11.11	0	-0.472195782	0.157425593	2	0	1
48	48	49	49.9827	11.11	0	-0.270703276	0.050210972	2	0	1
49	49	50	49.9994	11.11	0	-0.111105672	0.098158342	2	0	1
50	50	51	49.9579	11.11	0	0.494068443	0.001849828	2	0	1
51	51	52	49.9585	11.11	0	0.540487755	0.16641161	2	0	1
52	52	53	49.9806	11.11	0	0.543790147	0.290235372	2	0	1
53	53	54	49.9091	11.11	0	0.328314894	0.141320581	2	0	1
54	54	55	49.9769	11.11	0	0.305377825	0.350393756	2	0	1
55	55	56	49.9334	11.11	0	0.836115211	0.144739897	2	0	1
56	56	57	49.9913	11.11	0	0.927549669	0.110643316	2	0	1
57	57	58	49.9940	11.11	0	1.051863549	0.128024513	2	0	1
58	58	59	49.9262	11.11	0	0.735297301	0.361682972	2	0	1
59	59	60	49.9116	11.11	0	0.769100277	0.380661961	2	0	1
60	60	61	49.9520	19.44	0	0.620081300	0.138786755	2	0	1
61	61	62	49.9979	19.44	0	0.354526957	0.005799167	2	0	1
62	62	63	50.0000	19.44	0	-0.049194507	0.083690742	2	0	1
63	63	64	49.9560	19.44	0	0.060396416	0.149189947	2	0	1
64	64	65	49.9140	19.44	0	0.388811750	0.347815352	2	0	1
65	65	66	49.9997	19.44	0	0.699955521	0.360007215	2	0	1
66	66	67	49.9800	19.44	0	0.650305054	0.02980195	2	0	1
67	67	68	49.9994	19.44	0	0.592597747	0.001721948	2	0	1
68	68	69	49.9998	19.44	0	0.312237013	0.003876236	2	0	1
69	69	70	50.0000	19.44	0	0.252604379	0.015479317	2	0	1
70	70	71	49.9959	19.44	0	0.316778097	0.042469918	2	0	1
71	71	72	50.0000	19.44	0	0.331685399	0.001550528	2	0	1
72	72	73	50.0000	19.44	0	0.626159683	0.001667035	2	0	1
73	73	74	50.0000	19.44	0	0.716207106	0.002938617	2	0	1
74	74	75	50.0000	19.44	0	0.677856668	0.001616261	2	0	1
75	75	76	50.0000	19.44	0	0.593770568	1.93E-12	2	0	1
76	76	77	50.0000	19.44	0	0.310323080	1.887E-11	2	0	1
77	77	78	50.0000	19.44	0	0.662007650	2.08E-11	2	0	1
78	78	79	50.0000	19.44	0	0.460449219	0	2	0	1
79	79	80	50.0000	19.44	0	0.606465658	1.93E-12	2	0	1
80	80	81	50.0000	19.44	0	0.389485677	1.93E-12	2	0	1
81	81	82	50.0000	19.44	0	0.586995443	0	2	0	1
82	82	83	50.0000	19.44	0	0.539876302	1.93E-12	2	0	1
83	83	84	50.0000	19.44	0	0.641174316	1.93E-12	2	0	1
84	84	85	50.0000	19.44	0	0.653442383	0	2	0	1
85	85	86	50.0000	19.44	0	0.474995931	1.93E-12	2	0	1
86	86	87	50.0000	19.44	0	0.586791992	1.93E-12	2	0	1
87	87	88	50.0000	19.44	0	0.370422363	2.08E-11	2	0	1
88	88	89	50.0000	19.44	0	0.555155436	1.887E-11	2	0	1
89	89	90	50.0000	19.44	0	0.273742676	1.93E-12	2	0	1
90	90	91	50.0000	19.44	0	0.467915853	0	2	0	1
91	91	92	50.0000	19.44	0	0.520609538	1.93E-12	2	0	1
92	92	93	50.0000	19.44	0	0.593037923	1.93E-12	2	0	1
93	93	94	50.0000	19.44	0	0.449096680	0	2	0	1
94	94	95	50.0000	19.44	0	0.522644043	0	2	0	1
95	95	96	50.0000	19.44	0	0.511983236	1.93E-12	2	0	1
96	96	97	50.0000	19.44	0	0.723714193	1.93E-12	2	0	1
97	97	98	50.0000	19.44	0	0.487141924	0.004340926	2	0	1
98	98	99	49.9998	19.44	0	0.592124761	0.00730821	2	0	1
99	99	100	50.0000	19.44	0	0.531697588	2.098E-11	2	0	1
100	100	101	50.0000	19.44	0	0.659830729	2.098E-11	2	0	1
101	101	102	50.0000	19.44	0	0.590962728	0	2	0	1
102	102	103	50.0000	19.44	0	0.690022786	2.098E-11	2	0	1
103	103	104	50.0000	19.44	0	0.575174967	2.098E-11	2	0	1
104	104	105	50.0000	19.44	0	0.489379883	0	2	0	1
105	105	106	50.0000	19.44	0	0.340535482	2.098E-11	2	0	1
106	106	107	50.0000	19.44	0	0.383910902	0.003306736	2	0	1
107	107	108	49.9960	19.44	0	0.600918779	0.185687118	2	0	1
108	108	109	49.9939	19.44	0	0.641089707	0.168857803	2	0	1
109	109	110	50.0000	19.44	0	0.741719868	0.000375384	2	0	1
110	110	111	49.9913	19.44	0	0.443355277	0.171633462	2	0	1
111	111	112	49.9888	19.44	0	0.371624747	0.089702789	2	0	1
112	112	113	49.9926	19.44	0	0.127439949	0.154289884	2	0	1
113	113	114	49.9646	19.44	0	0.283871935	0.197386984	2	0	1
114	114	115	49.9960	19.44	0	0.506853742	0.062783002	2	0	1
115	115	116	49.9953	19.44	0	0.630712920	0.091077339	2	0	1
116	116	117	49.9421	19.44	0	0.539196364	0.009939288	2	0	1
117	117	118	49.9417	19.44	0	0.223567992	0.088128784	2	0	1
118	118	119	49.9982	19.44	0	0.168279837	0.011950659	2	0	1
119	119	120	49.9991	19.44	0	0.141543011	0.006787156	2	0	1
120	120	121	49.9990	19.44	0	0.125673867	0.048766672	2	0	1
121	121	122	49.9971	19.44	0	0.218945990	0.01901729	2	0	1
122	122	123	49.9965	19.44	0	0.692146863	0.022894398	2	0	1
123	123	124	49.9994	19.44	0	0.791717259	0.016087975	2	0	1
124	124	125	50.0000	19.44	0	1.046163192	0.020762964	2	0	1
125	125	126	49.9997	19.44	0	0.696354302	0.002336357	2	0	1
126	126	127	50.0000	19.44	0	0.605387396	2.67E-11	2	0	1
127	127	128	50.0000	19.44	0	0.188863118	9.61004E-06	2	0	1
128	128	129	50.0000	19.44	0	-0.233357747	1.13367E-05	2	0	1
129	129	130	50.0000	19.44	0	-0.973368379	0.016833075	2	0	1
130	130	131	49.9993	19.44	0	-1.050226344	0.006688127	2	0	1
131	131	132	50.0000	19.44	0	-0.826578828	2.947E-11	2	0	1
132	132	133	50.0000	19.44	0	-0.121236155	0.003917038	2	0	1
133	133	134	49.9999	19.44	0	-0.331116616	0.009433538	2	0	1
134	134	135	49.9999	19.44	0	-0.333476647	0.003151025	2	0	1
135	135	136	50.0000	19.44	0	-0.321858966	2.813E-11	2	0	1
136	136	137	50.0000	19.44	0	-0.035135905	0.004058944	2	0	1
137	137	138	49.9992	19.44	0	0.000000000	0.020343977	2	0	1
138	138	139	49.9982	19.44	0	0.100915058	0.02624644	2	0	1
139	139	140	49.9998	19.44	0	0.342164306	0.02966459	2	0	1
140	140	141	49.9764	11.11	0	0.851902323	0.168670516	2	0	1
141	141	142	49.9971	11.11	0	0.954582786	0.194459275	2	0	1
142	142	143	50.0000	11.11	0	0.713275909	0.089577235	2	0	1
143	143	144	49.9498	11.11	0	0.247949756	0.225533714	2	0	1
144	144	145	49.9461	11.11	0	0.351962157	0.249459823	2	0	1
145	145	146	49.9499	11.11	0	0.944203935	0.175340829	2	0	1
146	146	147	49.9594	11.11	0	1.270054436	0.20165079	2	0	1
147	147	148	49.9764	11.11	0	1.343062354	0.124728941	2	0	1
148	148	149	49.9818	11.11	0	1.067731455	0.221877245	2	0	1
149	149	150	49.9752	11.11	0	1.015477704	0.194369246	2	0	1
150	150	151	49.9637	11.11	0	0.943840950	0.070267354	2	0	1
151	151	152	49.9787	11.11	0	0.765157180	0.044477109	2	0	1
152	152	153	50.0000	11.11	0	0.620279853	0.037133698	2	0	1
153	153	154	49.9945	11.11	0	0.397992936	0.017343884	2	0	1
154	154	155	50.0000	11.11	0	0.430460550	3.63E-12	2	0	1
155	155	156	50.0000	11.11	0	0.283406555	0.108498149	2	0	1
156	156	157	49.9710	11.11	0	0.251997486	0.161274733	2	0	1
157	157	158	49.9906	11.11	0	0.290622340	0.091296678	2	0	1
158	158	159	49.9783	11.11	0	0.335960941	0.173496535	2	0	1
159	159	160	49.9788	11.11	0	0.395736532	0.154117656	2	0	1
160	160	161	49.9544	11.11	0	0.490600811	0.144968536	2	0	1
161	161	162	49.9817	11.11	0	0.672833925	0.145714064	2	0	1
162	162	163	49.9811	11.11	0	0.701152555	0.141852468	2	0	1
163	163	164	49.9856	11.11	0	0.668914622	0.183231945	2	0	1
164	164	165	49.9648	11.11	0	0.658443259	0.154966168	2	0	1
165	165	166	49.9823	11.11	0	0.807232196	0.123139841	2	0	1
166	166	167	49.9850	11.11	0	0.945210128	0.04090574	2	0	1
167	167	168	50.0000	11.11	0	1.092631175	0.043893053	2	0	1
168	168	169	49.9977	11.11	0	0.800126207	0.008562888	2	0	1
169	169	170	50.0000	11.11	0	0.731302574	0.0115835	2	0	1
170	170	171	49.9996	11.11	0	1.001737401	0.002829398	2	0	1
171	171	172	49.9999	11.11	0	1.160117937	0.00493303	2	0	1
172	172	173	50.0000	11.11	0	1.053670304	3E-12	2	0	1
173	173	174	50.0000	11.11	0	0.787821180	0.009455105	2	0	1
174	174	175	49.9997	11.11	0	0.770878377	0.004494604	2	0	1
175	175	176	50.0000	11.11	0	0.785278049	0	2	0	1
176	176	177	50.0000	11.11	0	0.878946560	0.010919781	2	0	1
177	177	178	49.9972	11.11	0	0.769329781	0.097409097	2	0	1
178	178	179	49.9835	11.11	0	0.520394301	0.214471528	2	0	1
179	179	180	49.9734	11.11	0	0.486179641	0.175948097	2	0	1
180	180	181	49.9725	11.11	0	0.602157903	0.131208126	2	0	1
181	181	182	49.9831	11.11	0	0.633758848	0.066462688	2	0	1
182	182	183	49.9998	11.11	0	0.478374863	0.053461845	2	0	1
183	183	184	49.9969	11.11	0	0.535494437	0.009628868	2	0	1
184	184	185	50.0000	11.11	0	0.554544909	2.186E-11	2	0	1
185	185	186	50.0000	11.11	0	0.665323893	0	2	0	1
186	186	187	50.0000	11.11	0	0.625508626	4.09E-12	2	0	1
187	187	188	50.0000	11.11	0	0.750061035	4.09E-12	2	0	1
188	188	189	50.0000	11.11	0	0.605183919	4.09E-12	2	0	1
189	189	190	50.0000	11.11	0	0.781107585	4.09E-12	2	0	1
190	190	191	50.0000	11.11	0	0.903849284	4.09E-12	2	0	1
191	191	192	50.0000	11.11	0	1.016174316	4.09E-12	2	0	1
192	192	193	50.0000	11.11	0	0.971333822	1.777E-11	2	0	1
193	193	194	50.0000	11.11	0	0.906962077	1.368E-11	2	0	1
194	194	195	50.0000	11.11	0	0.751261393	4.09E-12	2	0	1
195	195	196	50.0000	11.11	0	0.625467936	4.09E-12	2	0	1
196	196	197	50.0000	11.11	0	0.524108950	0.038788072	2	0	1
197	197	198	49.9997	11.11	0	0.412539053	0.055274141	2	0	1
198	198	199	49.9882	11.11	0	0.242346376	0.095392518	2	0	1
199	199	200	49.9810	11.11	0	-2.136616417	0.230150973	2	0	1
200	200	201	49.9906	11.11	0	-2.246150990	0.048732294	2	0	1
201	201	202	50.0000	11.11	0	-1.053771138	0.011930778	2	0	1
202	202	203	49.9949	11.11	0	2.299573316	0.110199996	2	0	1
203	203	204	50.0000	11.11	0	2.453289781	0.059544557	2	0	1
204	204	205	49.9984	11.11	0	1.268941171	0.004308688	2	0	1
205	205	206	50.0000	11.11	0	0.198913583	0.090215922	2	0	1
206	206	207	49.9655	11.11	0	0.053870173	0.127318495	2	0	1
207	207	208	49.9998	11.11	0	0.149740013	0.000844074	2	0	1
208	208	209	50.0000	11.11	0	0.112345212	0.001941714	2	0	1
209	209	210	50.0000	11.11	0	0.103474771	0.004121115	2	0	1
210	210	211	50.0000	11.11	0	-0.031230896	0.01125724	2	0	1
211	211	212	49.9977	11.11	0	-0.031232333	0.032272247	2	0	1
212	212	213	50.0000	16.67	0	-0.038616187	2.0889E-05	2	0	1
213	213	214	50.0000	16.67	0	0.000000000	0.020100606	2	0	1
214	214	215	49.9990	16.67	0	0.000000000	0.00780668	2	0	1
215	215	216	50.0000	16.67	0	0.058634434	3.74E-12	2	0	1
216	216	217	50.0000	16.67	0	0.051249143	0.000796805	2	0	1
217	217	218	49.9999	16.67	0	0.191610041	0.019054781	2	0	1
218	218	219	50.0000	16.67	0	0.154541016	8.64E-12	2	0	1
219	219	220	50.0000	16.67	0	0.154541016	0.00956875	2	0	1
220	220	221	49.9988	16.67	0	0.012044550	0.019834755	2	0	1
221	221	222	50.0000	16.67	0	-0.002136240	0.030071851	2	0	1
222	222	223	49.9854	16.67	0	-0.002136864	0.170786753	2	0	1
223	223	224	49.9443	16.67	0	0.006741737	0.172477893	2	0	1
224	224	225	49.9875	16.67	0	0.276131207	0.232736466	2	0	1
225	225	226	49.9757	16.67	0	0.361788935	0.125481795	2	0	1
226	226	227	49.9981	16.67	0	0.627872302	0.016021614	2	0	1
227	227	228	50.0000	16.67	0	0.421468083	0.032188532	2	0	1
228	228	229	49.9754	16.67	0	0.602407999	0.190599713	2	0	1
229	229	230	49.9811	16.67	0	0.773810874	0.179190344	2	0	1
230	230	231	49.9493	16.67	0	1.021624794	0.158033331	2	0	1
231	231	232	49.9952	16.67	0	0.754466833	0.036650871	2	0	1
232	232	233	49.9999	16.67	0	0.295105735	0.194467412	2	0	1
233	233	234	49.9202	16.67	0	-0.014936776	0.540408914	2	0	1
234	234	235	49.7298	16.67	0	0.090454599	0.410028172	2	0	1
235	235	236	49.9429	16.67	0	0.211667481	0.096600651	2	0	1
236	236	237	50.0000	16.67	0	0.374593075	5.49E-12	2	0	1
237	237	238	50.0000	16.67	0	0.307027181	9.97E-12	2	0	1
238	238	239	50.0000	16.67	0	0.512085121	0.000585753	2	0	1
239	239	240	49.9999	16.67	0	0.454021250	0.034312248	2	0	1
240	240	241	50.0000	16.67	0	0.539998571	0.030660999	2	0	1
241	241	242	49.9968	16.67	0	0.289691437	0.118474264	2	0	1
242	242	243	49.9798	16.67	0	0.259463635	0.129844673	2	0	1
243	243	244	49.9950	16.67	0	0.136081365	0.007901536	2	0	1
244	244	245	49.9842	16.67	0	-0.276434066	0.080087114	2	0	1
245	245	246	49.9875	16.67	0	-0.359485144	0.158517096	2	0	1
246	246	247	49.9749	16.67	0	-0.359575780	0.143483681	2	0	1
247	247	248	49.9973	16.67	0	-0.008260553	0.01477539	2	0	1
248	248	249	50.0000	16.67	0	0.324930827	8.54E-12	2	0	1
249	249	250	50.0000	16.67	0	0.324930827	0.119015416	2	0	1
250	250	251	49.9730	16.67	0	0.191184291	0.229723778	2	0	1
251	251	252	49.9154	16.67	0	-0.134076633	0.300547313	2	0	1
252	252	253	49.9238	16.67	0	-0.112781449	0.321428336	2	0	1
253	253	254	49.9826	16.67	0	0.108252990	0.131780418	2	0	1
254	254	255	49.9827	16.67	0	0.163874992	0.105677603	2	0	1
255	255	256	49.9738	16.67	0	0.651789620	0.140595549	2	0	1
256	256	257	49.9596	16.67	0	0.644746529	0.03889432	2	0	1
257	257	258	50.0000	16.67	0	0.885965536	2.38E-11	2	0	1
258	258	259	50.0000	16.67	0	0.631734024	0.019144324	2	0	1
259	259	260	49.9998	16.67	0	0.843000417	0.001362113	2	0	1
260	260	261	50.0000	16.67	0	0.806986302	3.61E-12	2	0	1
261	261	262	50.0000	16.67	0	1.241963704	0	2	0	1
262	262	263	50.0000	16.67	0	1.509724935	3.61E-12	2	0	1
263	263	264	50.0000	16.67	0	1.653198242	1.99E-11	2	0	1
264	264	265	50.0000	16.67	0	1.390848795	2.351E-11	2	0	1
265	265	266	50.0000	16.67	0	0.832255045	0.011239814	2	0	1
266	266	267	49.9989	16.67	0	0.583122448	0.015015954	2	0	1
267	267	268	49.9996	16.67	0	0.353131975	0.02371551	2	0	1
268	268	269	49.9997	16.67	0	0.352948163	0.006930503	2	0	1
269	269	270	50.0000	16.67	0	0.607869466	3.6E-12	2	0	1
270	270	271	50.0000	16.67	0	0.635681152	2.724E-11	2	0	1
271	271	272	50.0000	16.67	0	1.681172689	2.724E-11	2	0	1
272	272	273	50.0000	16.67	0	1.855346680	2.724E-11	2	0	1
273	273	274	50.0000	16.67	0	1.838582357	2.724E-11	2	0	1
274	274	275	50.0000	16.67	0	0.927042643	3.6E-12	2	0	1
275	275	276	50.0000	16.67	0	0.570149740	2.005E-11	2	0	1
276	276	277	50.0000	16.67	0	0.466471354	2.005E-11	2	0	1
277	277	278	50.0000	16.67	0	1.079243978	3.6E-12	2	0	1
278	278	279	50.0000	16.67	0	1.306498210	2.724E-11	2	0	1
279	279	280	50.0000	16.67	0	1.203328450	2.724E-11	2	0	1
280	280	281	50.0000	16.67	0	0.568908691	3.6E-12	2	0	1
281	281	282	50.0000	16.67	0	0.176778158	2.005E-11	2	0	1
282	282	283	50.0000	16.67	0	0.621988975	0.004263063	2	0	1
283	283	284	49.9991	16.67	0	0.868912169	0.005030459	2	0	1
284	284	285	49.9995	16.67	0	1.179556925	0.00308041	2	0	1
285	285	286	50.0000	16.67	0	1.214070645	3.59E-12	2	0	1
286	286	287	50.0000	16.67	0	0.854858403	0.030109985	2	0	1
287	287	288	49.9931	16.67	0	0.479822894	0.134214562	2	0	1
288	288	289	49.9657	16.67	0	-0.218533790	0.171916935	2	0	1
289	289	290	49.9961	16.67	0	-0.265523517	0.139924498	2	0	1
290	290	291	49.9650	16.67	0	-0.264222919	0.134609125	2	0	1
291	291	292	50.0000	16.67	0	0.682393602	0.001388871	2	0	1
292	292	293	50.0000	16.67	0	1.114603942	0.019066413	2	0	1
293	293	294	49.9988	16.67	0	1.907191219	0.010357417	2	0	1
294	294	295	50.0000	16.67	0	1.729594363	0.000799907	2	0	1
295	295	296	50.0000	16.67	0	1.766154158	0.003386936	2	0	1
296	296	297	50.0000	16.67	0	1.053711153	0.003708124	2	0	1
297	297	298	50.0000	16.67	0	0.867329909	0.000759017	2	0	1
298	298	299	50.0000	16.67	0	0.526102730	0.016557053	2	0	1
299	299	300	49.9916	16.67	0	0.737224742	0.092998345	2	0	1
300	300	301	49.9971	16.67	0	0.682168392	0.166631532	2	0	1
301	301	302	49.9124	16.67	0	0.854014732	0.198218028	2	0	1
302	302	303	49.9741	16.67	0	0.970758516	0.083096887	2	0	1
303	303	304	50.0000	16.67	0	0.659647520	0.145285138	2	0	1
304	304	305	49.9814	16.67	0	0.372432644	0.26119243	2	0	1
305	305	306	49.9693	16.67	0	-0.036562172	0.109111048	2	0	1
306	306	307	49.9906	16.67	0	0.159230153	0.216388678	2	0	1
307	307	308	49.9679	16.67	0	0.344887188	0.155524167	2	0	1
308	308	309	49.9892	16.67	0	0.896657654	0.155829697	2	0	1
309	309	310	49.9771	16.67	0	1.178477498	0.148752607	2	0	1
310	310	311	49.9923	16.67	0	1.391388242	0.113449574	2	0	1
311	311	312	49.9826	16.67	0	1.117861296	0.03915262	2	0	1
312	312	313	50.0000	16.67	0	0.931762466	1.78E-12	2	0	1
313	313	314	50.0000	16.67	0	1.112446725	0.072721438	2	0	1
314	314	315	49.9757	16.67	0	1.252439491	0.095674297	2	0	1
315	315	316	49.9878	16.67	0	1.695094884	0.118504964	2	0	1
316	316	317	49.9812	16.67	0	1.768059296	0.128382763	2	0	1
317	317	318	49.9959	16.67	0	1.521161133	0.213512044	2	0	1
318	318	319	50.0000	16.67	0	0.786682016	0.190093912	2	0	1
319	319	320	49.9833	16.67	0	0.171179663	0.11057111	2	0	1
320	320	321	49.9923	16.67	0	0.010316168	0.162717864	2	0	1
321	321	322	49.9820	16.67	0	0.108253886	0.187637382	2	0	1
322	322	323	49.8813	16.67	0	0.108472428	0.157668703	2	0	1
323	323	324	49.9888	16.67	0	0.382308055	0.165931199	2	0	1
324	324	325	49.9955	16.67	0	0.425961877	0.151224572	2	0	1
325	325	326	49.9476	16.67	0	0.426370376	0.181045339	2	0	1
326	326	327	49.9997	16.67	0	0.190512112	0.193319185	2	0	1
327	327	328	49.9737	16.67	0	0.237490816	0.093838724	2	0	1
328	328	329	49.9704	16.67	0	0.459826591	0.263215519	2	0	1
329	329	330	49.9886	16.67	0	0.496349652	0.140758176	2	0	1
330	330	331	49.9648	16.67	0	1.198455205	0.167215851	2	0	1
331	331	332	49.9531	16.67	0	1.088362031	0.068537312	2	0	1
332	332	333	50.0000	16.67	0	1.374389499	2.289E-11	2	0	1
333	333	334	50.0000	16.67	0	0.582987467	0	2	0	1
334	334	335	50.0000	16.67	0	0.847208659	0	2	0	1
335	335	336	50.0000	16.67	0	1.195312873	0.006777168	2	0	1
336	336	337	49.9999	16.67	0	1.794498572	0.018693846	2	0	1
337	337	338	49.9995	16.67	0	1.627112166	0.005074753	2	0	1
338	338	339	50.0000	16.67	0	0.915039198	3.98E-12	2	0	1
339	339	340	50.0000	16.67	0	0.277445475	3.98E-12	2	0	1
340	340	341	50.0000	16.67	0	0.221801758	0.02313296	2	0	1
341	341	342	49.9941	16.67	0	0.282951575	0.113448267	2	0	1
342	342	343	49.9654	16.67	0	0.450669918	0.280590554	2	0	1
343	343	344	49.9003	16.67	0	0.848962675	0.329245112	2	0	1
344	344	345	49.9245	16.67	0	1.242374941	0.34861595	2	0	1
345	345	346	49.9364	16.67	0	1.132686958	0.329017158	2	0	1
346	346	347	49.8883	16.67	0	0.881934496	0.345904309	2	0	1
347	347	348	49.8789	16.67	0	0.847042691	0.350562848	2	0	1
348	348	349	49.9763	16.67	0	1.182567134	0.211309613	2	0	1
349	349	350	49.9925	16.67	0	1.085469405	0.038780674	2	0	1
350	350	351	50.0000	16.67	0	0.732502955	0.015650233	2	0	1
351	351	352	49.9997	16.67	0	0.877568695	0.002089991	2	0	1
352	352	353	50.0000	16.67	0	0.847269647	7.8E-13	2	0	1
353	353	354	50.0000	16.67	0	1.563110352	0	2	0	1
354	354	355	50.0000	16.67	0	1.353129069	3.751E-11	2	0	1
355	355	356	50.0000	16.67	0	1.181396485	3.751E-11	2	0	1
356	356	357	50.0000	16.67	0	0.390299479	0	2	0	1
357	357	358	50.0000	16.67	0	0.041768392	0	2	0	1
358	358	359	50.0000	16.67	0	0.175638835	7.8E-13	2	0	1
359	359	360	50.0000	16.67	0	0.673604329	7.8E-13	2	0	1
360	360	361	50.0000	16.67	0	0.930175610	0.024049982	2	0	1
361	361	362	49.9961	16.67	0	1.677580225	0.025757604	2	0	1
362	362	363	50.0000	16.67	0	1.274108725	0.075172449	2	0	1
363	363	364	49.9963	16.67	0	1.080748112	0.124653475	2	0	1
364	364	365	49.9141	16.67	0	0.243704866	0.12659218	2	0	1
365	365	366	49.9916	16.67	0	0.206923694	0.185590557	2	0	1
366	366	367	49.9762	16.67	0	0.402209722	0.198053078	2	0	1
367	367	368	49.9409	16.67	0	0.699598396	0.159756952	2	0	1
368	368	369	49.9952	16.67	0	0.958934608	0.125809585	2	0	1
369	369	370	49.9553	16.67	0	0.670786684	0.204704813	2	0	1
370	370	371	49.9677	16.67	0	0.649773116	0.042036058	2	0	1
371	371	372	50.0000	16.67	0	0.425659180	3.582E-11	2	0	1
372	372	373	50.0000	16.67	0	0.737650563	1.94E-12	2	0	1
373	373	374	50.0000	16.67	0	0.848225911	0	2	0	1
374	374	375	50.0000	16.67	0	0.883565267	3.388E-11	2	0	1
375	375	376	50.0000	16.67	0	0.666219075	3.388E-11	2	0	1
376	376	377	50.0000	16.67	0	0.551228841	1.93E-12	2	0	1
377	377	378	50.0000	16.67	0	1.098327637	3.582E-11	2	0	1
378	378	379	50.0000	16.67	0	1.437215454	0.006615793	2	0	1
379	379	380	50.0000	16.67	0	1.510945923	0.000774645	2	0	1
380	380	381	50.0000	16.67	0	1.309082316	3.188E-11	2	0	1
381	381	382	50.0000	16.67	0	1.031087081	0.063730439	2	0	1
382	382	383	49.9874	16.67	0	0.741804634	0.139533409	2	0	1
383	383	384	49.9048	16.67	0	0.588522478	0.125280799	2	0	1
384	384	385	49.9295	16.67	0	0.780152375	0.106600828	2	0	1
385	385	386	49.8173	16.67	0	0.772516392	0.188848334	2	0	1
386	386	387	50.0000	16.67	0	0.448730349	0	2	0	1
387	387	388	50.0000	16.67	0	0.072265625	0	2	0	1
388	388	389	50.0000	16.67	0	-0.388997396	3.192E-11	2	0	1
389	389	390	50.0000	16.67	0	-0.388997396	3.192E-11	2	0	1
390	390	391	50.0000	16.67	0	-0.375406901	0.027052092	2	0	1
391	391	392	49.9873	16.67	0	-0.203258052	0.15311792	2	0	1
392	392	393	49.9179	16.67	0	-0.327686564	0.317312323	2	0	1
393	393	394	49.9544	16.67	0	-0.367970706	0.340274369	2	0	1
394	394	395	49.8940	16.67	0	-0.458940138	0.184158721	2	0	1
395	395	396	49.9996	16.67	0	-0.390953634	0.28862209	2	0	1
396	396	397	49.9358	16.67	0	-0.922978750	0.123167234	2	0	1
397	397	398	50.0000	16.67	0	-0.892496838	0.181150184	2	0	1
398	398	399	49.9495	16.67	0	-1.259043594	0.319062493	2	0	1
399	399	400	50.0000	16.67	0	-1.000447580	0.214098728	2	0	1
400	400	401	49.8791	16.67	0	-1.086530064	0.17037778	2	0	1
401	401	402	50.0000	16.67	0	-0.955607168	0.024355325	2	0	1
402	402	403	49.9907	16.67	0	-1.024564160	0.179694245	2	0	1
403	403	404	49.9705	16.67	0	-0.901736619	0.144098194	2	0	1
404	404	405	49.9848	16.67	0	-0.758938471	0.101684578	2	0	1
405	405	406	49.9840	16.67	0	-0.856455208	0.154721424	2	0	1
406	406	407	49.9576	16.67	0	-1.640449229	0.190550699	2	0	1
407	407	408	49.9462	16.67	0	-1.489252550	0.193705644	2	0	1
408	408	409	49.9779	22.22	0	-0.795211454	0.225971039	2	0	1
409	409	410	49.9903	22.22	0	0.208272213	0.101574669	2	0	1
410	410	411	49.9929	22.22	0	-0.036727715	0.17773971	2	0	1
411	411	412	49.9702	22.22	0	-0.245100388	0.163902037	2	0	1
412	412	413	49.9829	22.22	0	0.069807616	0.184529365	2	0	1
413	413	414	49.9607	22.22	0	0.437437088	0.152955905	2	0	1
414	414	415	49.9862	22.22	0	0.494785944	0.183850511	2	0	1
415	415	416	49.9798	22.22	0	0.386345832	0.134762761	2	0	1
416	416	417	49.9742	22.22	0	0.751547635	0.165061495	2	0	1
417	417	418	49.9823	22.22	0	1.142820443	0.155980985	2	0	1
418	418	419	49.9756	22.22	0	1.333028060	0.168508355	2	0	1
419	419	420	49.9452	22.22	0	1.200270130	0.178772016	2	0	1
420	420	421	49.9978	22.22	0	1.214063231	0.061834131	2	0	1
421	421	422	49.9335	22.22	0	1.307708760	0.044713537	2	0	1
422	422	423	49.9073	22.22	0	1.308374678	0.14952071	2	0	1
423	423	424	50.0000	22.22	0	1.177205303	3.495E-11	2	0	1
424	424	425	50.0000	22.22	0	0.969400957	0.023237134	2	0	1
425	425	426	49.9935	22.22	0	0.897618493	0.082046843	2	0	1
426	426	427	49.9705	22.22	0	0.654968320	0.19335786	2	0	1
427	427	428	49.9781	22.22	0	0.383672551	0.157557145	2	0	1
428	428	429	49.9624	22.22	0	0.328616493	0.13925239	2	0	1
429	429	430	49.9701	22.22	0	1.047339578	0.223927506	2	0	1
430	430	431	49.9631	22.22	0	1.792584306	0.154529953	2	0	1
431	431	432	49.9911	22.22	0	1.935689156	0.155857873	2	0	1
432	432	433	49.9496	22.22	0	1.168496093	0.178098837	2	0	1
433	433	434	49.9784	22.22	0	0.413630790	0.141535892	2	0	1
434	434	435	49.9888	22.22	0	-0.112411210	0.185602688	2	0	1
435	435	436	49.9549	22.22	0	-0.172641209	0.119917598	2	0	1
436	436	437	49.9925	22.22	0	-0.172511363	0.020797931	2	0	1
437	437	438	50.0000	22.22	0	0.315266920	0	2	0	1
438	438	439	50.0000	22.22	0	0.378377290	0.028560316	2	0	1
439	439	440	49.9997	22.22	0	0.550988038	0.108749341	2	0	1
440	440	441	49.9242	22.22	0	0.278986534	0.091086779	2	0	1
441	441	442	49.9887	22.22	0	0.233084029	0.026816334	2	0	1
442	442	443	50.0000	22.22	0	0.060423911	1.81E-12	2	0	1
443	443	444	50.0000	22.22	0	0.107503255	3.252E-11	2	0	1
444	444	445	50.0000	22.22	0	0.301717276	3.252E-11	2	0	1
445	445	446	50.0000	22.22	0	0.301717276	0.00148143	2	0	1
446	446	447	50.0000	22.22	0	0.241740083	0.024184652	2	0	1
447	447	448	49.9891	22.22	0	0.238211146	0.086080308	2	0	1
448	448	449	49.9931	22.22	0	0.262690902	0.06057515	2	0	1
449	449	450	49.9951	22.22	0	0.225323176	0.077504591	2	0	1
450	450	451	49.9941	22.22	0	0.055833402	0.055970935	2	0	1
451	451	452	49.9974	22.22	0	0.639681700	0.019000438	2	0	1
452	452	453	50.0000	22.22	0	0.905151386	0	2	0	1
453	453	454	50.0000	22.22	0	0.883992513	3.157E-11	2	0	1
454	454	455	50.0000	22.22	0	0.135701497	3.157E-11	2	0	1
455	455	456	50.0000	22.22	0	-0.139973958	0	2	0	1
456	456	457	50.0000	22.22	0	0.050292969	3.157E-11	2	0	1
457	457	458	50.0000	22.22	0	0.273885091	3.157E-11	2	0	1
458	458	459	50.0000	22.22	0	0.295410148	0.011485804	2	0	1
459	459	460	49.9944	22.22	0	0.439135768	0.195014597	2	0	1
460	460	461	49.9409	22.22	0	0.631564865	0.161809047	2	0	1
461	461	462	50.0000	22.22	0	0.870564457	3.439E-11	2	0	1
462	462	463	50.0000	22.22	0	0.569620768	3.439E-11	2	0	1
463	463	464	50.0000	22.22	0	0.387369786	0.027009929	2	0	1
464	464	465	49.9984	22.22	0	0.296436889	0.009460801	2	0	1
465	465	466	50.0000	22.22	0	0.576863601	3.165E-11	2	0	1
466	466	467	50.0000	22.22	0	0.702636728	0.007193353	2	0	1
467	467	468	49.9986	22.22	0	0.851260823	0.031185885	2	0	1
468	468	469	50.0000	22.22	0	0.830362965	2.53E-12	2	0	1
469	469	470	50.0000	22.22	0	1.045491536	0	2	0	1
470	470	471	50.0000	22.22	0	0.820556557	0.011592338	2	0	1
471	471	472	49.9997	22.22	0	0.782800985	0.008280805	2	0	1
472	472	473	49.9999	22.22	0	0.554485198	0.004340553	2	0	1
473	473	474	50.0000	22.22	0	0.604410955	0.006022536	2	0	1
474	474	475	49.9998	22.22	0	0.370200024	0.005540926	2	0	1
475	475	476	50.0000	22.22	0	0.168212890	0	2	0	1
476	476	477	50.0000	22.22	0	0.276041642	0	2	0	1
477	477	478	50.0000	22.22	0	0.382812503	0.000120433	2	0	1
478	478	479	50.0000	22.22	0	0.499593102	0.001866568	2	0	1
479	479	480	50.0000	22.22	0	0.451660160	3.141E-11	2	0	1
480	480	481	50.0000	22.22	0	0.832967122	2.891E-11	2	0	1
481	481	482	50.0000	22.22	0	0.891560872	2.891E-11	2	0	1
482	482	483	50.0000	22.22	0	0.803914388	3.141E-11	2	0	1
483	483	484	50.0000	22.22	0	0.616780599	3.141E-11	2	0	1
484	484	485	50.0000	22.22	0	0.655436198	2.891E-11	2	0	1
485	485	486	50.0000	22.22	0	0.806111653	2.891E-11	2	0	1
486	486	487	50.0000	22.22	0	0.816121419	3.141E-11	2	0	1
487	487	488	50.0000	22.22	0	0.960205078	3.141E-11	2	0	1
488	488	489	50.0000	22.22	0	1.074300168	0.000458284	2	0	1
489	489	490	50.0000	22.22	0	0.960530637	0.001752347	2	0	1
490	490	491	50.0000	22.22	0	0.654744504	3.39E-11	2	0	1
491	491	492	50.0000	22.22	0	0.485270182	3.39E-11	2	0	1
492	492	493	50.0000	22.22	0	0.386718750	3.139E-11	2	0	1
493	493	494	50.0000	22.22	0	0.379069010	3.139E-11	2	0	1
494	494	495	50.0000	22.22	0	0.225667318	3.139E-11	2	0	1
495	495	496	50.0000	22.22	0	0.106445312	2.888E-11	2	0	1
496	496	497	50.0000	22.22	0	0.426472982	2.888E-11	2	0	1
497	497	498	50.0000	22.22	0	0.810180664	3.139E-11	2	0	1
498	498	499	50.0000	22.22	0	1.190144857	3.139E-11	2	0	1
499	499	500	50.0000	22.22	0	1.110432943	2.888E-11	2	0	1
500	500	501	50.0000	22.22	0	0.940795898	2.888E-11	2	0	1
501	501	502	50.0000	22.22	0	0.870605523	0.001625181	2	0	1
502	502	503	50.0000	22.22	0	0.625040745	0.000870038	2	0	1
503	503	504	50.0000	22.22	0	0.501180068	2.51E-12	2	0	1
504	504	505	50.0000	22.22	0	0.310262044	3.137E-11	2	0	1
505	505	506	50.0000	22.22	0	0.344360352	2.885E-11	2	0	1
506	506	507	50.0000	22.22	0	0.293050165	0.003988293	2	0	1
507	507	508	50.0000	22.22	0	0.443969761	0.000714349	2	0	1
508	508	509	50.0000	22.22	0	0.424967482	3.392E-11	2	0	1
509	509	510	50.0000	22.22	0	0.664184616	0.007342397	2	0	1
510	510	511	49.9990	22.22	0	0.640800622	0.021940348	2	0	1
511	511	512	50.0000	22.22	0	0.677571661	0	2	0	1
512	512	513	50.0000	22.22	0	0.373006185	3.112E-11	2	0	1
513	513	514	50.0000	22.22	0	0.399332682	3.112E-11	2	0	1
514	514	515	50.0000	22.22	0	0.376953125	2.56E-12	2	0	1
515	515	516	50.0000	22.22	0	0.433227539	2.56E-12	2	0	1
516	516	517	50.0000	22.22	0	0.257446435	0	2	0	1
517	517	518	50.0000	22.22	0	0.332926578	0.009652619	2	0	1
518	518	519	49.9992	22.22	0	0.245039874	0.012998522	2	0	1
519	519	520	50.0000	22.22	0	0.185750325	3.386E-11	2	0	1
520	520	521	50.0000	22.22	0	0.134480794	0.000109285	2	0	1
521	521	522	50.0000	22.22	0	0.405558268	3.31163E-05	2	0	1
522	522	523	50.0000	22.22	0	0.807779948	2.52E-12	2	0	1
523	523	524	50.0000	22.22	0	0.746012384	0.021191686	2	0	1
524	524	525	49.9980	22.22	0	0.734119548	0.006027338	2	0	1
525	525	526	50.0000	22.22	0	0.294230158	0	2	0	1
526	526	527	50.0000	22.22	0	0.218302409	3.15E-11	2	0	1
527	527	528	50.0000	22.22	0	-0.040852865	3.15E-11	2	0	1
528	528	529	50.0000	22.22	0	-0.040852865	0	2	0	1
529	529	530	50.0000	22.22	0	0.081583550	0.005242662	2	0	1
530	530	531	50.0000	22.22	0	0.081583550	0.000952898	2	0	1
531	531	532	50.0000	22.22	0	0.300862560	2.39553E-05	2	0	1
532	532	533	50.0000	22.22	0	0.528971393	0.059511097	2	0	1
533	533	534	50.0000	22.22	0	0.589965918	0.038183904	2	0	1
534	534	535	49.9938	22.22	0	0.370732878	0.026084533	2	0	1
535	535	536	50.0000	22.22	0	-0.131632450	0.016416336	2	0	1
536	536	537	50.0000	22.22	0	-0.352742535	5.45374E-05	2	0	1
537	537	538	50.0000	22.22	0	-0.516113303	3.498E-11	2	0	1
538	538	539	50.0000	22.22	0	-0.323486328	3.276E-11	2	0	1
539	539	540	50.0000	22.22	0	-0.098470052	3.054E-11	2	0	1
540	540	541	50.0000	22.22	0	0.233398438	3.054E-11	2	0	1
541	541	542	50.0000	22.22	0	0.487508138	3.276E-11	2	0	1
542	542	543	50.0000	22.22	0	0.596761068	3.498E-11	2	0	1
543	543	544	50.0000	22.22	0	0.524943034	3.498E-11	2	0	1
544	544	545	50.0000	22.22	0	0.382771810	3.276E-11	2	0	1
545	545	546	50.0000	22.22	0	0.292195638	3.054E-11	2	0	1
546	546	547	50.0000	22.22	0	0.271077474	3.054E-11	2	0	1
547	547	548	50.0000	22.22	0	0.214925130	3.276E-11	2	0	1
548	548	549	50.0000	22.22	0	0.191162114	0.007040218	2	0	1
549	549	550	50.0000	22.22	0	0.115600590	8.80723E-05	2	0	1
550	550	551	50.0000	22.22	0	0.146850590	3.27E-11	2	0	1
551	551	552	50.0000	22.22	0	0.147705078	3.493E-11	2	0	1
552	552	553	50.0000	22.22	0	0.229329427	3.493E-11	2	0	1
553	553	554	50.0000	22.22	0	0.162760417	3.27E-11	2	0	1
554	554	555	50.0000	22.22	0	0.294230143	3.27E-11	2	0	1
555	555	556	50.0000	22.22	0	0.314575195	3.493E-11	2	0	1
556	556	557	50.0000	22.22	0	0.478068034	3.493E-11	2	0	1
557	557	558	50.0000	22.22	0	0.342569987	3.27E-11	2	0	1
558	558	559	50.0000	22.22	0	0.393880208	3.27E-11	2	0	1
559	559	560	50.0000	22.22	0	0.320027669	3.27E-11	2	0	1
560	560	561	50.0000	22.22	0	0.349405925	3.046E-11	2	0	1
561	561	562	50.0000	22.22	0	0.196126302	3.046E-11	2	0	1
562	562	563	50.0000	22.22	0	0.086018880	3.27E-11	2	0	1
563	563	564	50.0000	22.22	0	-0.239420573	3.27E-11	2	0	1
564	564	565	50.0000	22.22	0	-0.354166666	3.046E-11	2	0	1
565	565	566	50.0000	22.22	0	-0.641153971	3.046E-11	2	0	1
566	566	567	50.0000	22.22	0	-0.492879232	3.27E-11	2	0	1
567	567	568	50.0000	22.22	0	-0.478474935	3.27E-11	2	0	1
568	568	569	50.0000	22.22	0	-0.367716471	3.27E-11	2	0	1
569	569	570	50.0000	22.22	0	-0.492838542	3.493E-11	2	0	1
570	570	571	50.0000	22.22	0	-0.471842448	3.493E-11	2	0	1
571	571	572	50.0000	22.22	0	-0.373982747	3.27E-11	2	0	1
572	572	573	50.0000	22.22	0	-0.157714844	3.27E-11	2	0	1
573	573	574	50.0000	22.22	0	0.118326823	3.493E-11	2	0	1
574	574	575	50.0000	22.22	0	0.495564779	3.493E-11	2	0	1
575	575	576	50.0000	22.22	0	1.042317708	3.27E-11	2	0	1
576	576	577	50.0000	22.22	0	1.034505208	3.27E-11	2	0	1
577	577	578	50.0000	22.22	0	1.033162435	3.493E-11	2	0	1
578	578	579	50.0000	22.22	0	0.894816081	3.493E-11	2	0	1
579	579	580	50.0000	22.22	0	0.786376953	3.27E-11	2	0	1
580	580	581	50.0000	22.22	0	0.655110677	3.27E-11	2	0	1
581	581	582	50.0000	22.22	0	0.321777232	0.003267977	2	0	1
582	582	583	49.9999	22.22	0	0.241333378	0.000232732	2	0	1
583	583	584	50.0000	22.22	0	0.075073130	3.266E-11	2	0	1
584	584	585	50.0000	22.22	0	0.000000000	3.266E-11	2	0	1
585	585	586	50.0000	22.22	0	0.042114258	3.49E-11	2	0	1
586	586	587	50.0000	22.22	0	0.060017904	3.49E-11	2	0	1
587	587	588	50.0000	22.22	0	0.171793620	3.266E-11	2	0	1
588	588	589	50.0000	22.22	0	0.148193359	2.24E-12	2	0	1
589	589	590	50.0000	22.22	0	0.262369792	3.49E-11	2	0	1
590	590	591	50.0000	22.22	0	0.158976237	3.266E-11	2	0	1
591	591	592	50.0000	22.22	0	0.274861659	0.002251	2	0	1
592	592	593	50.0000	22.22	0	0.142781581	0.000810114	2	0	1
593	593	594	50.0000	22.22	0	0.009887701	0.001526037	2	0	1
594	594	595	50.0000	22.22	0	-0.463745117	0	2	0	1
595	595	596	50.0000	22.22	0	-0.537719726	3.266E-11	2	0	1
596	596	597	50.0000	22.22	0	-0.413208008	3.266E-11	2	0	1
597	597	598	50.0000	22.22	0	-0.073974609	0	2	0	1
598	598	599	50.0000	22.22	0	0.009399414	0	2	0	1
599	599	600	50.0000	22.22	0	0.123291016	3.266E-11	2	0	1
600	600	601	50.0000	22.22	0	0.161132813	3.266E-11	2	0	1
601	601	602	50.0000	22.22	0	0.322835287	0	2	0	1
602	602	603	50.0000	22.22	0	0.314290365	0	2	0	1
603	603	604	50.0000	22.22	0	0.563761393	2.24E-12	2	0	1
604	604	605	50.0000	22.22	0	0.392659505	3.49E-11	2	0	1
605	605	606	50.0000	22.22	0	0.159138998	3.266E-11	2	0	1
606	606	607	50.0000	22.22	0	-0.392781575	0	2	0	1
607	607	608	50.0000	22.22	0	-0.478312174	0	2	0	1
608	608	609	50.0000	22.22	0	-0.350138346	3.266E-11	2	0	1
609	609	610	50.0000	22.22	0	-0.085530599	0.006453698	2	0	1
610	610	611	49.9987	22.22	0	-0.074505527	0.007942467	2	0	1
611	611	612	50.0000	22.22	0	-0.106119801	3.489E-11	2	0	1
612	612	613	50.0000	22.22	0	-0.106119801	2.24E-12	2	0	1
613	613	614	50.0000	22.22	0	-0.009114583	3.041E-11	2	0	1
614	614	615	50.0000	22.22	0	0.399007162	3.041E-11	2	0	1
615	615	616	50.0000	22.22	0	0.622599284	0	2	0	1
616	616	617	50.0000	22.22	0	0.778727214	3.041E-11	2	0	1
617	617	618	50.0000	22.22	0	0.540730794	3.041E-11	2	0	1
618	618	619	50.0000	22.22	0	0.542805990	2.24E-12	2	0	1
619	619	620	50.0000	22.22	0	0.481363932	2.76904E-05	2	0	1
620	620	621	50.0000	22.22	0	0.469726562	2.1859E-05	2	0	1
621	621	622	50.0000	22.22	0	0.270385751	0.013649184	2	0	1
622	622	623	50.0000	22.22	0	0.426595061	3.18943E-05	2	0	1
623	623	624	50.0000	22.22	0	0.471150725	3.499E-11	2	0	1
624	624	625	50.0000	22.22	0	0.565917973	0.01005789	2	0	1
625	625	626	49.9996	22.22	0	0.395429600	0.006392063	2	0	1
626	626	627	50.0000	22.22	0	0.494547594	0.004326808	2	0	1
627	627	628	49.9997	22.22	0	0.560753753	0.011526475	2	0	1
628	628	629	50.0000	22.22	0	0.457845115	0	2	0	1
629	629	630	50.0000	22.22	0	0.258300781	3.277E-11	2	0	1
630	630	631	50.0000	22.22	0	0.161132812	3.055E-11	2	0	1
631	631	632	50.0000	22.22	0	0.342407127	0.003435285	2	0	1
632	632	633	49.9989	22.22	0	0.526378629	0.058437654	2	0	1
633	633	634	49.9980	22.22	0	0.595319870	0.060242706	2	0	1
634	634	635	49.9928	22.22	0	0.414081370	0.050779737	2	0	1
635	635	636	50.0000	22.22	0	0.041300429	1.58271E-05	2	0	1
636	636	637	50.0000	22.22	0	-0.117757161	9.55382E-05	2	0	1
637	637	638	50.0000	22.22	0	0.187581381	0	2	0	1
638	638	639	50.0000	22.22	0	0.353800456	1.85E-12	2	0	1
639	639	640	50.0000	22.22	0	0.599894206	1.85E-12	2	0	1
640	640	641	50.0000	22.22	0	0.342692057	0	2	0	1
641	641	642	50.0000	22.22	0	0.381103516	0	2	0	1
642	642	643	50.0000	22.22	0	0.284342566	0.014138441	2	0	1
643	643	644	49.9999	22.22	0	0.436483739	0.001415107	2	0	1
644	644	645	50.0000	22.22	0	0.366699344	0.013084496	2	0	1
645	645	646	49.9999	22.22	0	0.297852166	0.000802419	2	0	1
646	646	647	50.0000	22.22	0	0.398925788	3.416E-11	2	0	1
647	647	648	50.0000	22.22	0	0.618570815	0.00756683	2	0	1
648	648	649	49.9999	22.22	0	1.251711200	0.011090784	2	0	1
649	649	650	49.9984	22.22	0	1.062615173	0.007823404	2	0	1
650	650	651	50.0000	22.22	0	0.876261286	0.043170921	2	0	1
651	651	652	49.9954	22.22	0	0.162653342	0.081230351	2	0	1
652	652	653	49.9864	22.22	0	0.472703530	0.122945415	2	0	1
653	653	654	49.9859	22.22	0	0.444257911	0.099968312	2	0	1
654	654	655	49.9962	22.22	0	0.601933728	0.088899836	2	0	1
655	655	656	49.9772	22.22	0	0.366092788	0.090190927	2	0	1
656	656	657	49.9922	22.22	0	0.500728814	0.011460875	2	0	1
657	657	658	49.9888	22.22	0	0.465639662	0.007109352	2	0	1
658	658	659	49.9987	22.22	0	0.552056961	0.007001037	2	0	1
659	659	660	50.0000	22.22	0	0.395345088	0	2	0	1
660	660	661	50.0000	22.22	0	0.452758789	2.88E-12	2	0	1
661	661	662	50.0000	22.22	0	0.217569987	2.88E-12	2	0	1
662	662	663	50.0000	22.22	0	0.217569987	2.929E-11	2	0	1
663	663	664	50.0000	22.22	0	0.037516276	2.929E-11	2	0	1
664	664	665	50.0000	22.22	0	0.126098633	2.88E-12	2	0	1
665	665	666	50.0000	22.22	0	0.405232747	2.88E-12	2	0	1
666	666	667	50.0000	16.67	0	0.659057617	0	2	0	1
667	667	668	50.0000	16.67	0	0.578287760	0	2	0	1
668	668	669	50.0000	16.67	0	0.571370443	2.929E-11	2	0	1
669	669	670	50.0000	16.67	0	0.395222982	2.641E-11	2	0	1
670	670	671	50.0000	16.67	0	0.450276693	2.88E-12	2	0	1
671	671	672	50.0000	16.67	0	0.462605795	0	2	0	1
672	672	673	50.0000	16.67	0	0.430664063	0	2	0	1
673	673	674	50.0000	16.67	0	0.486612956	2.88E-12	2	0	1
674	674	675	50.0000	16.67	0	0.353149461	0.001513885	2	0	1
675	675	676	50.0000	16.67	0	0.461995490	0.001652923	2	0	1
676	676	677	50.0000	16.67	0	0.632039435	3.213E-11	2	0	1
677	677	678	50.0000	16.67	0	0.742146810	3.213E-11	2	0	1
678	678	679	50.0000	16.67	0	0.979817709	3.213E-11	2	0	1
679	679	680	50.0000	16.67	0	0.824625651	2.88E-12	2	0	1
680	680	681	50.0000	16.67	0	0.906534831	2.925E-11	2	0	1
681	681	682	50.0000	16.67	0	0.776367188	3.213E-11	2	0	1
682	682	683	50.0000	16.67	0	0.789713542	3.213E-11	2	0	1
683	683	684	50.0000	16.67	0	0.606567383	2.925E-11	2	0	1
684	684	685	50.0000	16.67	0	0.344482422	2.637E-11	2	0	1
685	685	686	50.0000	16.67	0	0.512125651	2.637E-11	2	0	1
686	686	687	50.0000	16.67	0	0.668375651	2.637E-11	2	0	1
687	687	688	50.0000	16.67	0	0.701456706	2.637E-11	2	0	1
688	688	689	50.0000	16.67	0	0.350952148	2.925E-11	2	0	1
689	689	690	50.0000	16.67	0	0.075805664	3.213E-11	2	0	1
690	690	691	50.0000	16.67	0	0.354329427	3.213E-11	2	0	1
691	691	692	50.0000	16.67	0	0.625976562	3.213E-11	2	0	1
692	692	693	50.0000	16.67	0	0.618041977	0.038720587	2	0	1
693	693	694	49.9917	16.67	0	0.609923539	0.229290077	2	0	1
694	694	695	49.9335	16.67	0	0.497446645	0.060252889	2	0	1
695	695	696	49.9999	16.67	0	0.463664238	0.0211875	2	0	1
696	696	697	49.9898	16.67	0	0.376745081	0.049557928	2	0	1
697	697	698	49.9929	16.67	0	0.235344363	0.045853389	2	0	1
698	698	699	50.0000	16.67	0	0.286295645	0	2	0	1
699	699	700	50.0000	16.67	0	0.233764648	3.28E-12	2	0	1
700	700	701	50.0000	16.67	0	0.414632161	3.28E-12	2	0	1
701	701	702	50.0000	16.67	0	0.605997731	6.41717E-05	2	0	1
702	702	703	50.0000	16.67	0	0.450032562	0.005060249	2	0	1
703	703	704	50.0000	16.67	0	0.250244151	3.27E-12	2	0	1
704	704	705	50.0000	16.67	0	0.049153646	3.27E-12	2	0	1
705	705	706	50.0000	16.67	0	0.211425781	3.27E-12	2	0	1
706	706	707	50.0000	16.67	0	0.308675130	3.27E-12	2	0	1
707	707	708	50.0000	16.67	0	0.601684570	3.27E-12	2	0	1
708	708	709	50.0000	16.67	0	0.463623047	2.98E-11	2	0	1
709	709	710	50.0000	16.67	0	0.413818359	2.98E-11	2	0	1
710	710	711	50.0000	16.67	0	0.177734375	3.27E-12	2	0	1
711	711	712	50.0000	16.67	0	0.534871419	3.27E-12	2	0	1
712	712	713	50.0000	16.67	0	0.622599284	3.27E-12	2	0	1
713	713	714	50.0000	16.67	0	0.687744140	3.27E-12	2	0	1
714	714	715	50.0000	16.67	0	0.603637695	3.27E-12	2	0	1
715	715	716	50.0000	16.67	0	0.533406575	3.27E-12	2	0	1
716	716	717	50.0000	16.67	0	0.468953450	2.98E-11	2	0	1
717	717	718	50.0000	16.67	0	0.239624056	0.015928754	2	0	1
718	718	719	49.9999	16.67	0	0.425171781	0.001218032	2	0	1
719	719	720	50.0000	16.67	0	1.203654004	3.3E-12	2	0	1
720	720	721	50.0000	16.67	0	1.190917919	0.016044744	2	0	1
721	721	722	49.9964	16.67	0	1.357153329	0.035506737	2	0	1
722	722	723	50.0000	16.67	0	0.479695588	2.562E-11	2	0	1
723	723	724	50.0000	16.67	0	0.402628581	2.562E-11	2	0	1
724	724	725	50.0000	16.67	0	-0.013997396	2.562E-11	2	0	1
725	725	726	50.0000	16.67	0	0.086669922	2.562E-11	2	0	1
726	726	727	50.0000	16.67	0	0.178670247	2.562E-11	2	0	1
727	727	728	50.0000	16.67	0	0.258829753	2.224E-11	2	0	1
728	728	729	50.0000	16.67	0	0.219034831	2.223E-11	2	0	1
729	729	730	50.0000	16.67	0	0.141031901	2.562E-11	2	0	1
730	730	731	50.0000	16.67	0	0.337198893	2.562E-11	2	0	1
731	731	732	50.0000	16.67	0	0.584798177	3.15155E-05	2	0	1
732	732	733	50.0000	16.67	0	0.820800781	0.000213357	2	0	1
733	733	734	50.0000	16.67	0	0.750976593	0.004658799	2	0	1
734	734	735	50.0000	16.67	0	0.846313506	0.000248401	2	0	1
735	735	736	50.0000	16.67	0	0.662679066	2.555E-11	2	0	1
736	736	737	50.0000	16.67	0	1.063191732	2.894E-11	2	0	1
737	737	738	50.0000	16.67	0	0.956217424	0.020752392	2	0	1
738	738	739	49.9982	16.67	0	1.134440072	0.107485766	2	0	1
739	739	740	49.9724	16.67	0	0.631085558	0.167541074	2	0	1
740	740	741	49.9855	16.67	0	0.478165862	0.082932603	2	0	1
741	741	742	49.9510	16.67	0	0.405345163	0.218100694	2	0	1
742	742	743	50.0000	16.67	0	0.495483489	0.30970766	2	0	1
743	743	744	49.9913	16.67	0	0.488488476	0.088421395	2	0	1
744	744	745	50.0000	16.67	0	0.406901200	1.45E-12	2	0	1
745	745	746	50.0000	16.67	0	0.243896485	1.45E-12	2	0	1
746	746	747	50.0000	16.67	0	0.268351237	0	2	0	1
747	747	748	50.0000	16.67	0	0.305216472	1.45E-12	2	0	1
748	748	749	50.0000	16.67	0	0.436401367	1.45E-12	2	0	1
749	749	750	50.0000	16.67	0	0.387369792	0	2	0	1
750	750	751	50.0000	16.67	0	0.302490234	0	2	0	1
751	751	752	50.0000	16.67	0	0.140421549	1.45E-12	2	0	1
752	752	753	50.0000	16.67	0	0.030192057	1.45E-12	2	0	1
753	753	754	50.0000	16.67	0	0.002237956	0	2	0	1
754	754	755	50.0000	16.67	0	0.331787112	1.45E-12	2	0	1
755	755	756	50.0000	16.67	0	0.334635417	0.047791865	2	0	1
756	756	757	49.9843	16.67	0	0.525107734	0.136250788	2	0	1
757	757	758	49.9943	16.67	0	0.333940861	0.142327804	2	0	1
758	758	759	49.9525	16.67	0	0.443902954	0.191061915	2	0	1
759	759	760	49.9821	16.67	0	0.392677914	0.179123169	2	0	1
760	760	761	49.9788	16.67	0	0.346256685	0.140001503	2	0	1
761	761	762	49.9821	16.67	0	0.237755860	0.175003206	2	0	1
762	762	763	49.9840	16.67	0	0.102816036	0.059704588	2	0	1
763	763	764	49.9999	16.67	0	0.096313634	0.005812386	2	0	1
764	764	765	49.9995	16.67	0	0.313967865	0.125682547	2	0	1
765	765	766	49.9222	16.67	0	0.670761874	0.247782655	2	0	1
766	766	767	49.9731	16.67	0	1.130776141	0.036004238	2	0	1
767	767	768	49.9171	16.67	0	0.935307447	0.326570396	2	0	1
768	768	769	49.9798	16.67	0	0.742732036	0.053954983	2	0	1
769	769	770	50.0000	16.67	0	0.411254856	2.063E-11	2	0	1
770	770	771	50.0000	16.67	0	0.399983724	3.54E-12	2	0	1
771	771	772	50.0000	16.67	0	0.235066732	2.772E-11	2	0	1
772	772	773	50.0000	16.67	0	0.337076823	2.772E-11	2	0	1
773	773	774	50.0000	16.67	0	0.347900391	2.418E-11	2	0	1
774	774	775	50.0000	16.67	0	0.706380208	2.063E-11	2	0	1
775	775	776	50.0000	16.67	0	0.566853841	2.063E-11	2	0	1
776	776	777	50.0000	16.67	0	0.710001765	0.000640146	2	0	1
777	777	778	50.0000	16.67	0	0.353068172	0.092269253	2	0	1
778	778	779	49.9079	16.67	0	0.563619639	0.007289527	2	0	1
779	779	780	49.9201	16.67	0	0.424098868	0.107500907	2	0	1
780	780	781	50.0000	16.67	0	0.605916274	2.428E-11	2	0	1
781	781	782	50.0000	16.67	0	0.323364288	0.204340246	2	0	1
782	782	783	49.9430	22.22	0	0.297621220	0.218677596	2	0	1
783	783	784	50.0000	22.22	0	0.334147166	0	2	0	1
784	784	785	50.0000	22.22	0	0.592447624	0.002405266	2	0	1
785	785	786	49.9112	22.22	0	0.634997943	0.107468522	2	0	1
786	786	787	49.9864	22.22	0	0.445392705	0.241853402	2	0	1
787	787	788	49.9122	22.22	0	0.144051791	0.312166611	2	0	1
788	788	789	49.9484	22.22	0	0.195066194	0.020513319	2	0	1
789	789	790	50.0000	22.22	0	0.380655906	0.002378859	2	0	1
790	790	791	50.0000	22.22	0	0.553914455	0.18454284	2	0	1
791	791	792	49.9664	22.22	0	0.720007157	0.076925114	2	0	1
792	792	793	49.9773	22.22	0	0.519116064	0.098731575	2	0	1
793	793	794	49.9758	22.22	0	0.646472207	0.029877539	2	0	1
794	794	795	49.9915	22.22	0	0.552625213	0.111007692	2	0	1
795	795	796	49.9992	22.22	0	1.116473668	0.009638474	2	0	1
796	796	797	49.9987	22.22	0	1.213817319	0.017787178	2	0	1
797	797	798	49.9981	22.22	0	1.142865650	0.011639317	2	0	1
798	798	799	49.9998	22.22	0	0.688275451	0.015968026	2	0	1
799	799	800	50.0000	22.22	0	0.458129759	0.025378081	2	0	1
800	800	801	49.9993	22.22	0	0.676441730	0.007803446	2	0	1
801	801	802	49.9988	22.22	0	0.885845041	0.001548905	2	0	1
802	802	803	49.9993	22.22	0	0.948174517	0.00342366	2	0	1
803	803	804	49.9995	22.22	0	0.978810357	0.016144108	2	0	1
804	804	805	49.9557	22.22	0	0.793305210	0.171148255	2	0	1
805	805	806	49.9928	22.22	0	0.879887241	0.00185055	2	0	1
806	806	807	49.9739	22.22	0	0.846633351	0.191972368	2	0	1
807	807	808	50.0000	22.22	0	0.797851630	4.5E-12	2	0	1
808	808	809	50.0000	22.22	0	0.467976889	0.000351804	2	0	1
809	809	810	50.0000	22.22	0	0.159342449	0.000325548	2	0	1
810	810	811	50.0000	22.22	0	0.315470202	0.006222808	2	0	1
811	811	812	49.9991	22.22	0	0.323776757	0.003483714	2	0	1
812	812	813	49.9958	22.22	0	0.348498995	0.030354146	2	0	1
813	813	814	49.9998	22.22	0	0.165283710	0.106151697	2	0	1
814	814	815	49.9706	22.22	0	0.318302199	0.250187161	2	0	1
815	815	816	49.8857	22.22	0	0.461748798	0.215363594	2	0	1
816	816	817	49.9461	22.22	0	0.591946774	0.317568296	2	0	1
817	817	818	49.9262	22.22	0	0.528001167	0.234788932	2	0	1
818	818	819	50.0000	22.22	0	0.695597512	0	2	0	1
819	819	820	50.0000	22.22	0	0.640625000	0	2	0	1
820	820	821	50.0000	22.22	0	0.817993164	0	2	0	1
821	821	822	50.0000	22.22	0	0.848551282	0.034704236	2	0	1
822	822	823	49.9986	22.22	0	0.712259376	0.006392024	2	0	1
823	823	824	50.0000	22.22	0	0.389322766	1.004E-11	2	0	1
824	824	825	50.0000	22.22	0	0.297892253	0	2	0	1
825	825	826	50.0000	22.22	0	0.593709141	0.100337022	2	0	1
826	826	827	49.8760	22.22	0	0.851721551	0.323266074	2	0	1
827	827	828	49.9355	22.22	0	0.657423544	0.233739437	2	0	1
828	828	829	49.9887	22.22	0	0.407807124	0.028321438	2	0	1
829	829	830	50.0000	22.22	0	0.473307332	0	2	0	1
830	830	831	50.0000	22.22	0	0.669270833	2.151E-11	2	0	1
831	831	832	50.0000	22.22	0	0.654174805	2.531E-11	2	0	1
832	832	833	50.0000	22.22	0	0.616007487	3.8E-12	2	0	1
833	833	834	50.0000	22.22	0	0.337402346	2.151E-11	2	0	1
834	834	835	50.0000	22.22	0	0.287597659	0.030612982	2	0	1
835	835	836	49.9966	22.22	0	0.315939588	0.034807917	2	0	1
836	836	837	49.9988	22.22	0	0.443410840	0.003705879	2	0	1
837	837	838	50.0000	22.22	0	0.736043427	0	2	0	1
838	838	839	50.0000	22.22	0	0.674479167	2.139E-11	2	0	1
839	839	840	50.0000	22.22	0	0.542724610	2.139E-11	2	0	1
840	840	841	50.0000	22.22	0	0.315673828	0	2	0	1
841	841	842	50.0000	22.22	0	0.132120777	0.000187095	2	0	1
842	842	843	50.0000	22.22	0	0.226725269	0.002438073	2	0	1
843	843	844	50.0000	22.22	0	0.161132821	2.517E-11	2	0	1
844	844	845	50.0000	22.22	0	0.094604492	2.517E-11	2	0	1
845	845	846	50.0000	22.22	0	0.121826286	0.003918304	2	0	1
846	846	847	50.0000	22.22	0	0.351196403	0.000692394	2	0	1
847	847	848	50.0000	22.22	0	0.351196403	2.142E-11	2	0	1
848	848	849	50.0000	22.22	0	0.185628188	0.017300324	2	0	1
849	849	850	49.9907	22.22	0	-0.143092921	0.149163699	2	0	1
850	850	851	49.9813	22.22	0	-0.143119833	0.078555181	2	0	1
851	851	852	49.9359	22.22	0	0.818024787	0.081491924	2	0	1
852	852	853	50.0000	22.22	0	0.997477213	2.152E-11	2	0	1
853	853	854	50.0000	22.22	0	1.308593750	2.532E-11	2	0	1
854	854	855	50.0000	22.22	0	0.392293294	3.8E-12	2	0	1
855	855	856	50.0000	22.22	0	0.351359049	1.772E-11	2	0	1
856	856	857	50.0000	22.22	0	0.219319662	1.772E-11	2	0	1
857	857	858	50.0000	22.22	0	0.598470052	3.8E-12	2	0	1
858	858	859	50.0000	22.22	0	0.833455404	3.8E-12	2	0	1
859	859	860	50.0000	22.22	0	0.858398438	2.152E-11	2	0	1
860	860	861	50.0000	22.22	0	0.709838867	2.532E-11	2	0	1
861	861	862	50.0000	22.22	0	0.743530274	3.8E-12	2	0	1
862	862	863	50.0000	22.22	0	0.573852539	3.8E-12	2	0	1
863	863	864	50.0000	22.22	0	0.387207031	2.532E-11	2	0	1
864	864	865	50.0000	22.22	0	0.334350586	2.532E-11	2	0	1
865	865	866	50.0000	22.22	0	0.620198568	3.8E-12	2	0	1
866	866	867	50.0000	22.22	0	0.577148438	2.152E-11	2	0	1
867	867	868	50.0000	22.22	0	0.364339193	2.532E-11	2	0	1
868	868	869	50.0000	22.22	0	0.324381510	3.8E-12	2	0	1
869	869	870	50.0000	22.22	0	0.323486328	3.8E-12	2	0	1
870	870	871	50.0000	22.22	0	-0.052164714	2.532E-11	2	0	1
871	871	872	50.0000	22.22	0	-0.349202474	2.532E-11	2	0	1
872	872	873	50.0000	22.22	0	-0.349202474	3.8E-12	2	0	1
873	873	874	50.0000	22.22	0	-0.016805013	0	2	0	1
874	874	875	50.0000	22.22	0	-0.734863281	1.772E-11	2	0	1
875	875	876	50.0000	22.22	0	-0.734863281	1.772E-11	2	0	1
876	876	877	50.0000	22.22	0	-0.539957682	3.8E-12	2	0	1
877	877	878	50.0000	22.22	0	0.552001953	2.532E-11	2	0	1
878	878	879	50.0000	22.22	0	2.221842448	2.532E-11	2	0	1
879	879	880	50.0000	22.22	0	2.251505534	3.8E-12	2	0	1
880	880	881	50.0000	22.22	0	2.219889323	0	2	0	1
881	881	882	50.0000	22.22	0	0.857503169	0.003678039	2	0	1
882	882	883	49.9986	22.22	0	0.786236134	0.060183768	2	0	1
883	883	884	50.0000	22.22	0	0.503987557	0.00641149	2	0	1
884	884	885	50.0000	22.22	0	0.196533216	0.009481598	2	0	1
885	885	886	49.9932	22.22	0	-1.312678483	0.11525977	2	0	1
886	886	887	50.0000	22.22	0	-1.355753539	0.006959865	2	0	1
887	887	888	50.0000	22.22	0	0.173219107	0.011814978	2	0	1
888	888	889	49.9994	22.22	0	2.390615071	0.152717226	2	0	1
889	889	890	49.9567	22.22	0	2.531857760	0.202921946	2	0	1
890	890	891	49.9738	22.22	0	1.229486120	0.223433277	2	0	1
891	891	892	49.9779	22.22	0	0.458739472	0.147526183	2	0	1
892	892	893	49.9985	22.22	0	0.503229690	0.073306074	2	0	1
893	893	894	49.9961	22.22	0	0.432162598	0.002867939	2	0	1
894	894	895	50.0000	22.22	0	0.454956001	0.081776482	2	0	1
895	895	896	49.9985	22.22	0	0.649636953	0.036291239	2	0	1
896	896	897	49.9982	22.22	0	0.603740973	0.070441921	2	0	1
897	897	898	49.9978	22.22	0	0.835608248	0.120615915	2	0	1
898	898	899	49.9917	22.22	0	0.519047783	0.065308344	2	0	1
899	899	900	49.9971	22.22	0	0.855925514	0.054238768	2	0	1
900	900	901	49.9916	22.22	0	0.739666928	0.064017098	2	0	1
901	901	902	49.9903	22.22	0	0.762802592	0.050417533	2	0	1
902	902	903	49.9967	22.22	0	0.475454307	0.098845958	2	0	1
903	903	904	50.0000	22.22	0	0.300537036	0.018810151	2	0	1
904	904	905	49.9990	22.22	0	0.870703939	0.011122773	2	0	1
905	905	906	49.9993	22.22	0	0.748423240	0.036613874	2	0	1
906	906	907	50.0000	22.22	0	0.976521531	2.501E-11	2	0	1
907	907	908	50.0000	22.22	0	0.693237305	3.83E-12	2	0	1
908	908	909	50.0000	22.22	0	0.985473633	2.118E-11	2	0	1
909	909	910	50.0000	22.22	0	1.073038737	2.118E-11	2	0	1
910	910	911	50.0000	22.22	0	1.089152018	3.83E-12	2	0	1
911	911	912	50.0000	22.22	0	1.122762368	0.006285192	2	0	1
912	912	913	49.9996	22.22	0	0.782762120	0.011227212	2	0	1
913	913	914	50.0000	22.22	0	0.476929035	0	2	0	1
914	914	915	50.0000	22.22	0	0.179361979	2.477E-11	2	0	1
915	915	916	50.0000	22.22	0	0.187174479	2.477E-11	2	0	1
916	916	917	50.0000	22.22	0	0.247273763	2.091E-11	2	0	1
917	917	918	50.0000	22.22	0	0.534993490	1.706E-11	2	0	1
918	918	919	50.0000	22.22	0	0.626708984	1.706E-11	2	0	1
919	919	920	50.0000	22.22	0	0.848999023	2.092E-11	2	0	1
920	920	921	50.0000	22.22	0	0.813639393	0.000159688	2	0	1
921	921	922	50.0000	22.22	0	0.895182362	0.011059908	2	0	1
922	922	923	50.0000	22.22	0	1.072306385	3.84E-12	2	0	1
923	923	924	50.0000	22.22	0	0.948404948	0	2	0	1
924	924	925	50.0000	22.22	0	1.122233073	0	2	0	1
925	925	926	50.0000	22.22	0	0.947794596	0	2	0	1
926	926	927	50.0000	22.22	0	0.961954753	2.493E-11	2	0	1
927	927	928	50.0000	22.22	0	0.966146048	0.008650257	2	0	1
928	928	929	49.9998	22.22	0	0.630780733	0.00420885	2	0	1
929	929	930	50.0000	22.22	0	0.732910371	0	2	0	1
930	930	931	50.0000	22.22	0	0.768798828	2.089E-11	2	0	1
931	931	932	50.0000	22.22	0	0.867390950	2.089E-11	2	0	1
932	932	933	50.0000	22.22	0	1.007405599	0	2	0	1
933	933	934	50.0000	22.22	0	0.831909179	2.089E-11	2	0	1
934	934	935	50.0000	22.22	0	0.840739057	0.001788489	2	0	1
935	935	936	50.0000	22.22	0	0.603312299	0.004000666	2	0	1
936	936	937	50.0000	22.22	0	0.626627729	2.098E-11	2	0	1
937	937	938	50.0000	22.22	0	0.769409180	2.098E-11	2	0	1
938	938	939	50.0000	22.22	0	0.933064779	2.098E-11	2	0	1
939	939	940	50.0000	22.22	0	0.951131185	2.483E-11	2	0	1
940	940	941	50.0000	22.22	0	0.900960286	2.483E-11	2	0	1
941	941	942	50.0000	22.22	0	0.925781293	0.003087952	2	0	1
942	942	943	50.0000	22.22	0	0.983317100	0.000275233	2	0	1
943	943	944	50.0000	22.22	0	0.882568402	2.487E-11	2	0	1
944	944	945	50.0000	22.22	0	0.906127930	2.487E-11	2	0	1
945	945	946	50.0000	22.22	0	0.971232096	2.487E-11	2	0	1
946	946	947	50.0000	22.22	0	0.903727213	2.487E-11	2	0	1
947	947	948	50.0000	22.22	0	0.579874769	0.04978353	2	0	1
948	948	949	49.9899	22.22	0	0.245166841	0.093674405	2	0	1
949	949	950	49.9849	22.22	0	0.272299205	0.139690394	2	0	1
950	950	951	49.9500	22.22	0	0.442499665	0.09489091	2	0	1
951	951	952	49.9981	22.22	0	0.725043865	0.062643921	2	0	1
952	952	953	49.9796	22.22	0	0.651429521	0.115106794	2	0	1
953	953	954	49.9889	22.22	0	0.873404110	0.073690282	2	0	1
954	954	955	49.9971	22.22	0	0.997535450	0.017624971	2	0	1
955	955	956	50.0000	22.22	0	1.158284877	2.691E-11	2	0	1
956	956	957	50.0000	22.22	0	0.814737956	2.81E-12	2	0	1
957	957	958	50.0000	22.22	0	0.328328451	2.81E-12	2	0	1
958	958	959	50.0000	22.22	0	0.357543945	0.000710972	2	0	1
959	959	960	49.9998	22.22	0	0.253216011	0.011740585	2	0	1
960	960	961	50.0000	22.22	0	0.253214998	0.011693878	2	0	1
961	961	962	49.9999	22.22	0	-0.467000787	0.001333082	2	0	1
962	962	963	50.0000	22.22	0	-0.513387052	0	2	0	1
963	963	964	50.0000	22.22	0	-0.317464200	0	2	0	1
964	964	965	50.0000	22.22	0	0.246988932	2.969E-11	2	0	1
965	965	966	50.0000	22.22	0	0.296223958	2.969E-11	2	0	1
966	966	967	50.0000	22.22	0	0.278849284	2.81E-12	2	0	1
967	967	968	50.0000	22.22	0	0.534830729	2.81E-12	2	0	1
968	968	969	50.0000	22.22	0	0.753702799	2.969E-11	2	0	1
969	969	970	50.0000	22.22	0	1.066202799	2.969E-11	2	0	1
970	970	971	50.0000	22.22	0	1.047810872	0	2	0	1
971	971	972	50.0000	22.22	0	0.846435547	0	2	0	1
972	972	973	50.0000	22.22	0	0.528767893	0.004469283	2	0	1
973	973	974	49.9996	22.22	0	0.368248378	0.014209652	2	0	1
974	974	975	50.0000	22.22	0	0.303670237	2.78E-12	2	0	1
975	975	976	50.0000	22.22	0	0.334472657	2.712E-11	2	0	1
976	976	977	50.0000	22.22	0	0.206339519	2.99E-11	2	0	1
977	977	978	50.0000	22.22	0	0.204182943	0.029580732	2	0	1
978	978	979	49.9982	22.22	0	0.123987202	0.04380735	2	0	1
979	979	980	50.0000	22.22	0	0.211344392	0	2	0	1
980	980	981	50.0000	22.22	0	0.363728832	2.974E-11	2	0	1
981	981	982	50.0000	22.22	0	0.297078451	2.974E-11	2	0	1
982	982	983	50.0000	22.22	0	0.209716797	2.8E-12	2	0	1
983	983	984	50.0000	22.22	0	-0.007771790	2.8E-12	2	0	1
984	984	985	50.0000	22.22	0	-0.073974590	0.002001551	2	0	1
985	985	986	50.0000	22.22	0	-0.073974590	0.000983244	2	0	1
986	986	987	50.0000	22.22	0	-0.046712240	0	2	0	1
987	987	988	50.0000	22.22	0	-0.037841797	0	2	0	1
988	988	989	50.0000	22.22	0	0.131062869	0.001399342	2	0	1
989	989	990	50.0000	22.22	0	0.168904666	0.001143864	2	0	1
990	990	991	50.0000	22.22	0	0.168904666	3.255E-11	2	0	1
991	991	992	50.0000	22.22	0	-0.169270833	2.975E-11	2	0	1
992	992	993	50.0000	22.22	0	-0.184326172	2.975E-11	2	0	1
993	993	994	50.0000	22.22	0	-0.230590820	3.255E-11	2	0	1
994	994	995	50.0000	22.22	0	-0.453817150	0.007459354	2	0	1
995	995	996	49.9999	22.22	0	-0.460531927	0.004768238	2	0	1
996	996	997	49.9999	22.22	0	-0.463461620	0.001495491	2	0	1
997	997	998	50.0000	22.22	0	-0.327148426	2.976E-11	2	0	1
998	998	999	50.0000	22.22	0	-0.305379232	2.976E-11	2	0	1
999	999	1000	50.0000	22.22	0	0.036173503	2.976E-11	2	0	1
1000	1000	1001	50.0000	22.22	0	0.305460612	0	2	0	1
1001	1001	1002	50.0000	22.22	0	0.386840821	2.976E-11	2	0	1
1002	1002	1003	50.0000	22.22	0	0.325032552	2.976E-11	2	0	1
1003	1003	1004	50.0000	22.22	0	0.311930338	2.976E-11	2	0	1
1004	1004	1005	50.0000	22.22	0	0.230550130	2.976E-11	2	0	1
1005	1005	1006	50.0000	22.22	0	0.089436849	0	2	0	1
1006	1006	1007	50.0000	22.22	0	0.174967448	2.976E-11	2	0	1
1007	1007	1008	50.0000	22.22	0	0.208577474	2.976E-11	2	0	1
1008	1008	1009	50.0000	22.22	0	0.414957682	2.976E-11	2	0	1
1009	1009	1010	50.0000	22.22	0	0.348510742	2.976E-11	2	0	1
1010	1010	1011	50.0000	11.11	0	0.631673177	0	2	0	1
1011	1011	1012	50.0000	11.11	0	0.735148112	2.976E-11	2	0	1
1012	1012	1013	50.0000	11.11	0	0.819091797	2.976E-11	2	0	1
1013	1013	1014	50.0000	11.11	0	0.655192057	0	2	0	1
1014	1014	1015	50.0000	11.11	0	0.410766601	2.976E-11	2	0	1
1015	1015	1016	50.0000	11.11	0	0.411336263	2.976E-11	2	0	1
1016	1016	1017	50.0000	11.11	0	0.498982747	2.976E-11	2	0	1
1017	1017	1018	50.0000	11.11	0	0.513387044	2.976E-11	2	0	1
1018	1018	1019	50.0000	11.11	0	0.533325195	0	2	0	1
1019	1019	1020	50.0000	11.11	0	0.657592774	2.976E-11	2	0	1
1020	1020	1021	50.0000	11.11	0	0.778401693	2.976E-11	2	0	1
1021	1021	1022	50.0000	11.11	0	0.802490235	2.976E-11	2	0	1
1022	1022	1023	50.0000	11.11	0	0.587849935	2.976E-11	2	0	1
1023	1023	1024	50.0000	11.11	0	0.580647786	0	2	0	1
1024	1024	1025	50.0000	11.11	0	0.545613607	2.976E-11	2	0	1
1025	1025	1026	50.0000	11.11	0	0.534912109	2.976E-11	2	0	1
1026	1026	1027	50.0000	11.11	0	0.439127604	2.976E-11	2	0	1
1027	1027	1028	50.0000	11.11	0	0.378824870	2.976E-11	2	0	1
1028	1028	1029	50.0000	11.11	0	0.869262695	0	2	0	1
1029	1029	1030	50.0000	11.11	0	1.003011068	2.976E-11	2	0	1
1030	1030	1031	50.0000	11.11	0	1.105590820	2.976E-11	2	0	1
1031	1031	1032	50.0000	11.11	0	0.588378906	2.976E-11	2	0	1
1032	1032	1033	50.0000	11.11	0	0.529581706	2.976E-11	2	0	1
1033	1033	1034	50.0000	11.11	0	0.374715169	0	2	0	1
1034	1034	1035	50.0000	11.11	0	0.328735351	2.696E-11	2	0	1
1035	1035	1036	50.0000	11.11	0	0.148152669	2.696E-11	2	0	1
1036	1036	1037	50.0000	11.11	0	0.155192057	0	2	0	1
1037	1037	1038	50.0000	11.11	0	0.088500977	2.976E-11	2	0	1
1038	1038	1039	50.0000	11.11	0	0.007039388	2.976E-11	2	0	1
1039	1039	1040	50.0000	11.11	0	0.386027018	2.976E-11	2	0	1
1040	1040	1041	50.0000	11.11	0	0.397460937	2.976E-11	2	0	1
1041	1041	1042	50.0000	11.11	0	0.421346028	0	2	0	1
1042	1042	1043	50.0000	11.11	0	0.298990886	2.976E-11	2	0	1
1043	1043	1044	50.0000	11.11	0	0.321695964	2.976E-11	2	0	1
1044	1044	1045	50.0000	11.11	0	0.297810873	2.976E-11	2	0	1
1045	1045	1046	50.0000	11.11	0	0.515177409	2.976E-11	2	0	1
1046	1046	1047	50.0000	11.11	0	0.565429648	0.007503582	2	0	1
1047	1047	1048	49.9997	11.11	0	0.674971458	0.014989942	2	0	1
1048	1048	1049	50.0000	11.11	0	0.386108359	3.263E-11	2	0	1
1049	1049	1050	50.0000	11.11	0	0.301717122	2.79E-12	2	0	1
1050	1050	1051	50.0000	11.11	0	0.192179362	2.79E-12	2	0	1
1051	1051	1052	50.0000	11.11	0	0.319620768	3.263E-11	2	0	1
1052	1052	1053	50.0000	11.11	0	0.521484375	2.984E-11	2	0	1
1053	1053	1054	50.0000	11.11	0	0.521484375	2.79E-12	2	0	1
1054	1054	1055	50.0000	11.11	0	0.311848958	2.79E-12	2	0	1
1055	1055	1056	50.0000	11.11	0	0.130452647	0.004279449	2	0	1
1056	1056	1057	49.9998	11.11	0	0.648277479	0.010528294	2	0	1
1057	1057	1058	49.9998	11.11	0	0.621137071	0.00097627	2	0	1
1058	1058	1059	50.0000	11.11	0	0.715576145	2.976E-11	2	0	1
1059	1059	1060	50.0000	11.11	0	0.501057943	2.976E-11	2	0	1
1060	1060	1061	50.0000	11.11	0	0.506144206	0	2	0	1
1061	1061	1062	50.0000	11.11	0	0.694946289	2.976E-11	2	0	1
1062	1062	1063	50.0000	11.11	0	0.453735352	2.976E-11	2	0	1
1063	1063	1064	50.0000	11.11	0	0.657145183	0	2	0	1
1064	1064	1065	50.0000	11.11	0	0.494913737	2.976E-11	2	0	1
1065	1065	1066	50.0000	11.11	0	0.582275391	2.976E-11	2	0	1
1066	1066	1067	50.0000	11.11	0	0.339884440	0	2	0	1
1067	1067	1068	50.0000	11.11	0	0.538126628	2.976E-11	2	0	1
1068	1068	1069	50.0000	11.11	0	0.391072591	2.976E-11	2	0	1
1069	1069	1070	50.0000	11.11	0	0.938191732	0	2	0	1
1070	1070	1071	50.0000	11.11	0	0.598470052	2.976E-11	2	0	1
1071	1071	1072	50.0000	11.11	0	0.618367513	0.008922745	2	0	1
1072	1072	1073	49.9966	11.11	0	0.238378731	0.011377675	2	0	1
1073	1073	1074	50.0000	11.11	0	0.238362521	3.20109E-06	2	0	1
1074	1074	1075	50.0000	11.11	0	0.359334201	0	2	0	1
1075	1075	1076	50.0000	11.11	0	0.158569336	0	2	0	1
1076	1076	1077	50.0000	11.11	0	0.485514323	2.699E-11	2	0	1
1077	1077	1078	50.0000	11.11	0	0.342244466	2.699E-11	2	0	1
1078	1078	1079	50.0000	11.11	0	0.340047201	0	2	0	1
1079	1079	1080	50.0000	11.11	0	0.041951497	2.979E-11	2	0	1
1080	1080	1081	50.0000	11.11	0	0.068481445	2.979E-11	2	0	1
1081	1081	1082	50.0000	11.11	0	0.250976562	0	2	0	1
1082	1082	1083	50.0000	11.11	0	0.845743815	2.979E-11	2	0	1
1083	1083	1084	50.0000	11.11	0	0.819213867	2.979E-11	2	0	1
1084	1084	1085	50.0000	11.11	0	0.842936198	0	2	0	1
1085	1085	1086	50.0000	11.11	0	0.350341797	0	2	0	1
1086	1086	1087	50.0000	11.11	0	0.594238318	0.00016035	2	0	1
1087	1087	1088	50.0000	11.11	0	0.374918657	0.007604348	2	0	1
1088	1088	1089	50.0000	11.11	0	0.243245480	0	2	0	1
1089	1089	1090	50.0000	11.11	0	-0.000651042	2.97E-11	2	0	1
1090	1090	1091	50.0000	11.11	0	0.368041992	2.97E-11	2	0	1
1091	1091	1092	50.0000	11.11	0	0.738321940	0	2	0	1
1092	1092	1093	50.0000	11.11	0	0.878702792	0.054766301	2	0	1
1093	1093	1094	49.9854	11.11	0	0.699789308	0.078719901	2	0	1
1094	1094	1095	49.9953	11.11	0	0.612769163	0.065136103	2	0	1
1095	1095	1096	49.9940	11.11	0	0.788465365	0.02167085	2	0	1
1096	1096	1097	50.0000	11.11	0	0.684000680	0.004788818	2	0	1
1097	1097	1098	49.9999	11.11	0	0.479452520	0.003998031	2	0	1
1098	1098	1099	50.0000	11.11	0	0.202514713	3.208E-11	2	0	1
1099	1099	1100	50.0000	11.11	0	0.162597656	3.208E-11	2	0	1
1100	1100	1101	50.0000	11.11	0	0.084391276	2.37E-12	2	0	1
1101	1101	1102	50.0000	11.11	0	0.399780273	2.971E-11	2	0	1
1102	1102	1103	50.0000	11.11	0	0.559285323	0.001684346	2	0	1
1103	1103	1104	49.9999	11.11	0	0.895590825	0.008108199	2	0	1
1104	1104	1105	50.0000	11.11	0	0.566975473	0.016143421	2	0	1
1105	1105	1106	49.9981	11.11	0	0.362196101	0.018578851	2	0	1
1106	1106	1107	50.0000	11.11	0	0.025878626	0.023115518	2	0	1
1107	1107	1108	49.9987	11.11	0	0.353565169	0.002328758	2	0	1
1108	1108	1109	49.9997	11.11	0	0.353558098	0.00279949	2	0	1
1109	1109	1110	50.0000	11.11	0	0.100951810	0	2	0	1
1110	1110	1111	50.0000	11.11	0	-0.260498047	2.38E-12	2	0	1
1111	1111	1112	50.0000	11.11	0	-0.395385742	2.38E-12	2	0	1
1112	1112	1113	50.0000	11.11	0	-0.877441406	3.201E-11	2	0	1
1113	1113	1114	50.0000	11.11	0	-1.009155273	3.439E-11	2	0	1
1114	1114	1115	50.0000	11.11	0	-1.405598958	2.38E-12	2	0	1
1115	1115	1116	50.0000	11.11	0	-0.726196297	0.004385123	2	0	1
1116	1116	1117	49.9999	11.11	0	-0.601807852	0.00367402	2	0	1
1117	1117	1118	50.0000	11.11	0	-0.175170906	3.445E-11	2	0	1
1118	1118	1119	50.0000	11.11	0	-0.220011393	3.209E-11	2	0	1
1119	1119	1120	50.0000	11.11	0	-0.296590169	2.37E-12	2	0	1
1120	1120	1121	50.0000	11.11	0	-0.539591471	2.37E-12	2	0	1
1121	1121	1122	50.0000	11.11	0	-0.683675130	2.972E-11	2	0	1
1122	1122	1123	50.0000	11.11	0	-0.670776367	2.972E-11	2	0	1
1123	1123	1124	50.0000	11.11	0	-0.323079427	0	2	0	1
1124	1124	1125	50.0000	11.11	0	-0.078898112	2.37E-12	2	0	1
1125	1125	1126	50.0000	11.11	0	0.100260417	3.445E-11	2	0	1
1126	1126	1127	50.0000	11.11	0	0.100992839	3.445E-11	2	0	1
1127	1127	1128	50.0000	11.11	0	0.100992839	2.37E-12	2	0	1
1128	1128	1129	50.0000	11.11	0	0.000732422	0.008907193	2	0	1
1129	1129	1130	49.9991	11.11	0	-0.467456028	0.007715732	2	0	1
1130	1130	1131	49.9991	11.11	0	-0.605520036	0.007105059	2	0	1
1131	1131	1132	50.0000	11.11	0	-0.661824241	3.203E-11	2	0	1
1132	1132	1133	50.0000	11.11	0	-0.194376628	3.203E-11	2	0	1
1133	1133	1134	50.0000	11.11	0	0.101318359	3.203E-11	2	0	1
1134	1134	1135	50.0000	11.11	0	0.724365235	3.203E-11	2	0	1
1135	1135	1136	50.0000	11.11	0	1.051960948	0.078894879	2	0	1
1136	1136	1137	49.9532	11.11	0	1.071396468	0.070085591	2	0	1
1137	1137	1138	49.9930	11.11	0	0.707781234	0.13577328	2	0	1
1138	1138	1139	49.9766	11.11	0	0.913391503	0.041427741	2	0	1
1139	1139	1140	50.0000	11.11	0	0.886108611	3.462E-11	2	0	1
1140	1140	1141	50.0000	11.11	0	0.682088336	0.046508454	2	0	1
1141	1141	1142	49.9894	11.11	0	0.526112588	0.096545328	2	0	1
1142	1142	1143	49.9957	11.11	0	1.147355393	0.017912652	2	0	1
1143	1143	1144	49.9998	11.11	0	1.147261309	0.00600308	2	0	1
1144	1144	1145	50.0000	11.11	0	0.711872649	3.564E-11	2	0	1
1145	1145	1146	50.0000	11.11	0	-0.072265625	3.364E-11	2	0	1
1146	1146	1147	50.0000	11.11	0	-0.654622396	3.164E-11	2	0	1
1147	1147	1148	50.0000	11.11	0	-0.596028646	3.164E-11	2	0	1
1148	1148	1149	50.0000	11.11	0	-0.429199104	0.057591281	2	0	1
1149	1149	1150	49.9989	11.11	0	0.484345080	0.01156224	2	0	1
1150	1150	1151	50.0000	11.11	0	0.484334424	0	2	0	1
1151	1151	1152	50.0000	11.11	0	0.002726241	0	2	0	1
1152	1152	1153	50.0000	11.11	0	-0.328450516	0.001047753	2	0	1
1153	1153	1154	49.9837	11.11	0	0.031707926	0.276238572	2	0	1
1154	1154	1155	49.9248	11.11	0	0.360690584	0.154821088	2	0	1
1155	1155	1156	49.9939	11.11	0	0.360192049	0.163034115	2	0	1
1156	1156	1157	49.9788	11.11	0	0.018521960	0.018840746	2	0	1
1157	1157	1158	50.0000	11.11	0	0.083007922	0.001324817	2	0	1
1158	1158	1159	50.0000	11.11	0	0.418457140	0	2	0	1
1159	1159	1160	50.0000	11.11	0	0.452718099	0	2	0	1
1160	1160	1161	50.0000	11.11	0	0.860676625	0.074369678	2	0	1
1161	1161	1162	49.9690	11.11	0	0.777785082	0.167968982	2	0	1
1162	1162	1163	49.9635	11.11	0	0.755230449	0.269674376	2	0	1
1163	1163	1164	49.9484	11.11	0	0.614851652	0.268552382	2	0	1
1164	1164	1165	49.9307	11.11	0	0.627293584	0.183035126	2	0	1
1165	1165	1166	49.9995	11.11	0	0.956104967	0.013604461	2	0	1
1166	1166	1167	50.0000	11.11	0	0.990600838	3.523E-11	2	0	1
1167	1167	1168	50.0000	11.11	0	0.771565755	3.628E-11	2	0	1
1168	1168	1169	50.0000	11.11	0	0.899047852	0	2	0	1
1169	1169	1170	50.0000	11.11	0	0.871012370	3.734E-11	2	0	1
1170	1170	1171	50.0000	11.11	0	1.041097005	3.734E-11	2	0	1
1171	1171	1172	50.0000	11.11	0	0.820638021	3.628E-11	2	0	1
1172	1172	1173	50.0000	11.11	0	0.821736720	0.005955923	2	0	1
1173	1173	1174	49.9997	11.11	0	0.652510492	0.008321169	2	0	1
1174	1174	1175	50.0000	11.11	0	0.385660874	1.09E-12	2	0	1
1175	1175	1176	50.0000	11.11	0	-0.237508138	1.09E-12	2	0	1
1176	1176	1177	50.0000	11.11	0	-0.283610026	0	2	0	1
1177	1177	1178	50.0000	11.11	0	-0.173950195	0	2	0	1
1178	1178	1179	50.0000	11.11	0	0.270141573	0.037377851	2	0	1
1179	1179	1180	49.9978	11.11	0	1.323096925	0.027181289	2	0	1
1180	1180	1181	50.0000	11.11	0	1.884399386	3.627E-11	2	0	1
1181	1181	1182	50.0000	11.11	0	1.723917643	3.627E-11	2	0	1
1182	1182	1183	50.0000	11.11	0	0.671020508	0.005764617	2	0	1
1183	1183	1184	49.9995	11.11	0	0.102743797	0.033160782	2	0	1
1184	1184	1185	49.9896	11.11	0	0.102764145	0.135651868	2	0	1
1185	1185	1186	49.9870	11.11	0	0.102769490	0.151951449	2	0	1
1186	1186	1187	49.9841	11.11	0	0.309995433	0.109472251	2	0	1
1187	1187	1188	49.9988	11.11	0	0.355152773	0.019018988	2	0	1
1188	1188	1189	50.0000	11.11	0	0.355144250	3.727E-11	2	0	1
1189	1189	1190	50.0000	11.11	0	0.209309896	3.727E-11	2	0	1
1190	1190	1191	50.0000	11.11	0	0.170084635	0	2	0	1
1191	1191	1192	50.0000	11.11	0	0.277262370	3.725E-11	2	0	1
1192	1192	1193	50.0000	11.11	0	0.647542318	3.724E-11	2	0	1
1193	1193	1194	50.0000	11.11	0	0.744791667	2E-14	2	0	1
1194	1194	1195	50.0000	11.11	0	0.872273718	0.029726724	2	0	1
1195	1195	1196	49.9963	11.11	0	0.430126069	0.174380797	2	0	1
1196	1196	1197	49.9580	11.11	0	0.327097517	0.199427326	2	0	1
1197	1197	1198	49.9697	11.11	0	-0.013761787	0.171375019	2	0	1
1198	1198	1199	49.9924	11.11	0	-0.443671030	0.010698625	2	0	1
1199	1199	1200	50.0000	11.11	0	-0.928670324	3.437E-11	2	0	1
1200	1200	1201	50.0000	11.11	0	-1.881550390	0.024481615	2	0	1
1201	1201	1202	49.9938	11.11	0	-1.544054678	0.019357701	2	0	1
1202	1202	1203	50.0000	11.11	0	-1.058796483	0.20627941	2	0	1
1203	1203	1204	49.9044	11.11	0	0.782176053	0.437234651	2	0	1
1204	1204	1205	49.8973	11.11	0	2.504612890	0.162742072	2	0	1
1205	1205	1206	50.0000	11.11	0	2.983436666	0.004901551	2	0	1
1206	1206	1207	49.9976	11.11	0	2.202861871	0.078844994	2	0	1
1207	1207	1208	50.0000	11.11	0	0.641886545	0	2	0	1
1208	1208	1209	50.0000	11.11	0	0.367227878	0.017144123	2	0	1
1209	1209	1210	49.9962	11.11	0	0.881902500	0.074743285	2	0	1
1210	1210	1211	49.9946	11.11	0	0.844898729	0.021731272	2	0	1
1211	1211	1212	50.0000	11.11	0	0.971191029	0.093225386	2	0	1
1212	1212	1213	49.9933	11.11	0	0.456644622	0.091111274	2	0	1
1213	1213	1214	49.9999	11.11	0	0.335693804	0.014379057	2	0	1
1214	1214	1215	49.9988	11.11	0	0.416880092	0.013338205	2	0	1
1215	1215	1216	50.0000	11.11	0	0.419920889	0.002187503	2	0	1
1216	1216	1217	49.9999	11.11	0	0.959799111	0.002448751	2	0	1
1217	1217	1218	50.0000	11.11	0	0.542927104	2.6758E-05	2	0	1
1218	1218	1219	50.0000	11.11	0	1.913167318	3.05E-12	2	0	1
1219	1219	1220	50.0000	11.11	0	1.373291016	2.818E-11	2	0	1
1220	1220	1221	50.0000	11.11	0	1.083292753	0.078959858	2	0	1
1221	1221	1222	49.9805	11.11	0	-0.290111406	0.143473415	2	0	1
1222	1222	1223	49.9819	11.11	0	-0.093580547	0.191205163	2	0	1
1223	1223	1224	49.9770	11.11	0	1.525603677	0.170574773	2	0	1
1224	1224	1225	49.9855	11.11	0	3.536059314	0.093325326	2	0	1
1225	1225	1226	49.9792	11.11	0	3.691924746	0.055279555	2	0	1
1226	1226	1227	50.0000	11.11	0	2.876384024	0.011647959	2	0	1
1227	1227	1228	49.9995	11.11	0	0.882740386	0.007436168	2	0	1
1228	1228	1229	50.0000	11.11	0	0.634643985	0.004021354	2	0	1
1229	1229	1230	49.9996	11.11	0	0.224814616	0.015775195	2	0	1
1230	1230	1231	50.0000	11.11	0	0.497843416	3.528E-11	2	0	1
1231	1231	1232	50.0000	11.11	0	0.812744140	3.378E-11	2	0	1
1232	1232	1233	50.0000	11.11	0	0.841715495	1.5E-12	2	0	1
1233	1233	1234	50.0000	11.11	0	0.826171976	0.010815708	2	0	1
1234	1234	1235	49.9999	11.11	0	0.480388432	0.001752045	2	0	1
1235	1235	1236	50.0000	11.11	0	0.925822041	3.367E-11	2	0	1
1236	1236	1237	50.0000	11.11	0	0.875732422	3.367E-11	2	0	1
1237	1237	1238	50.0000	11.11	0	1.195760091	3.52E-11	2	0	1
1238	1238	1239	50.0000	11.11	0	1.160685221	3.672E-11	2	0	1
1239	1239	1240	50.0000	11.11	0	1.089884440	1.52E-12	2	0	1
1240	1240	1241	50.0000	11.11	0	1.023763118	0.001907634	2	0	1
1241	1241	1242	49.9998	11.11	0	0.665163890	0.018013259	2	0	1
1242	1242	1243	50.0000	11.11	0	1.150227546	0.031609286	2	0	1
1243	1243	1244	49.9920	11.11	0	0.888203184	0.068271468	2	0	1
1244	1244	1245	49.9974	11.11	0	1.233380713	0.158519053	2	0	1
1245	1245	1246	49.9860	11.11	0	0.808738895	0.081108157	2	0	1
1246	1246	1247	49.9839	11.11	0	1.232168154	0.157398393	2	0	1
1247	1247	1248	49.9654	11.11	0	0.966693299	0.110909392	2	0	1
1248	1248	1249	49.9922	11.11	0	1.124240040	0.134295166	2	0	1
1249	1249	1250	49.9945	11.11	0	0.869805955	0.124546858	2	0	1
1250	1250	1251	49.9730	11.11	0	0.605185195	0.096082598	2	0	1
1251	1251	1252	49.9979	11.11	0	0.126510439	0.113182549	2	0	1
1252	1252	1253	49.9967	11.11	0	-0.106981659	0.011148965	2	0	1
1253	1253	1254	49.9993	11.11	0	-0.047893178	0.018346869	2	0	1
1254	1254	1255	50.0000	11.11	0	0.614908881	0.033879525	2	0	1
1255	1255	1256	49.9951	11.11	0	0.763868856	0.102310654	2	0	1
1256	1256	1257	49.9696	11.11	0	0.863765725	0.112482495	2	0	1
1257	1257	1258	49.9931	11.11	0	0.675996789	0.158739845	2	0	1
1258	1258	1259	49.9786	11.11	0	0.541166013	0.123232669	2	0	1
1259	1259	1260	49.9955	11.11	0	0.632055729	0.043217709	2	0	1
1260	1260	1261	50.0000	11.11	0	0.725748691	3.011E-11	2	0	1
1261	1261	1262	50.0000	11.11	0	1.047851450	0.00835029	2	0	1
1262	1262	1263	49.9999	11.11	0	0.929567176	0.001595154	2	0	1
1263	1263	1264	50.0000	11.11	0	0.480794158	3.249E-11	2	0	1
1264	1264	1265	50.0000	11.11	0	0.552530925	0	2	0	1
1265	1265	1266	50.0000	11.11	0	0.719807943	3.249E-11	2	0	1
1266	1266	1267	50.0000	11.11	0	0.931722005	3.249E-11	2	0	1
1267	1267	1268	50.0000	11.11	0	0.782307943	2.28E-12	2	0	1
1268	1268	1269	50.0000	11.11	0	0.987792969	2.28E-12	2	0	1
1269	1269	1270	50.0000	11.11	0	0.801554362	3.249E-11	2	0	1
1270	1270	1271	50.0000	11.11	0	0.711100260	3.249E-11	2	0	1
1271	1271	1272	50.0000	11.11	0	0.310709635	0	2	0	1
1272	1272	1273	50.0000	11.11	0	0.749104818	3.249E-11	2	0	1
1273	1273	1274	50.0000	11.11	0	0.685668945	3.477E-11	2	0	1
1274	1274	1275	50.0000	11.11	0	1.007568359	2.28E-12	2	0	1
1275	1275	1276	50.0000	11.11	0	0.755615234	3.249E-11	2	0	1
1276	1276	1277	50.0000	11.11	0	1.116129557	3.249E-11	2	0	1
1277	1277	1278	50.0000	11.11	0	0.822306315	0	2	0	1
1278	1278	1279	50.0000	11.11	0	1.281697825	0.000953665	2	0	1
1279	1279	1280	50.0000	11.11	0	1.167236562	0.002476717	2	0	1
1280	1280	1281	50.0000	11.11	0	1.043375885	0	2	0	1
1281	1281	1282	50.0000	11.11	0	0.660970052	3.253E-11	2	0	1
1282	1282	1283	50.0000	11.11	0	0.633056641	3.253E-11	2	0	1
1283	1283	1284	50.0000	11.11	0	1.001790365	2.27E-12	2	0	1
1284	1284	1285	50.0000	11.11	0	0.926717123	3.48E-11	2	0	1
1285	1285	1286	50.0000	11.11	0	1.483276367	3.253E-11	2	0	1
1286	1286	1287	50.0000	11.11	0	1.115437885	0.005006665	2	0	1
1287	1287	1288	49.9999	11.11	0	1.014162244	0.004461869	2	0	1
1288	1288	1289	50.0000	11.11	0	0.831787638	0.011402153	2	0	1
1289	1289	1290	49.9992	11.11	0	1.084978767	0.011626519	2	0	1
1290	1290	1291	50.0000	11.11	0	0.958740704	3.041E-11	2	0	1
1291	1291	1292	50.0000	11.11	0	0.173502604	3.265E-11	2	0	1
1292	1292	1293	50.0000	11.11	0	-0.191935221	3.489E-11	2	0	1
1293	1293	1294	50.0000	11.11	0	-0.191935221	3.489E-11	2	0	1
1294	1294	1295	50.0000	11.11	0	-0.103474935	3.489E-11	2	0	1
1295	1295	1296	50.0000	11.11	0	-0.045817322	0.048242955	2	0	1
1296	1296	1297	49.9959	11.11	0	-0.045821079	0.013682331	2	0	1
1297	1297	1298	50.0000	11.11	0	-2.695757838	0.008900466	2	0	1
1298	1298	1299	49.9969	11.11	0	-2.650104823	0.055114957	2	0	1
1299	1299	1300	50.0000	11.11	0	-1.493893631	0.017666566	2	0	1
1300	1300	1301	50.0000	11.11	0	3.894043305	0.000131759	2	0	1
1301	1301	1302	50.0000	11.11	0	4.088175792	3.478E-11	2	0	1
1302	1302	1303	50.0000	11.11	0	2.932128906	3.251E-11	2	0	1
1303	1303	1304	50.0000	11.11	0	0.194132487	3.023E-11	2	0	1
1304	1304	1305	50.0000	11.11	0	0.182902018	2.27E-12	2	0	1
1305	1305	1306	50.0000	11.11	0	0.417887370	3.251E-11	2	0	1
1306	1306	1307	50.0000	11.11	0	0.417887370	3.023E-11	2	0	1
1307	1307	1308	50.0000	11.11	0	0.234985352	0.001224593	2	0	1
1308	1308	1309	50.0000	11.11	0	0.038777678	0.001388331	2	0	1
1309	1309	1310	50.0000	11.11	0	0.170776376	0.001352639	2	0	1
1310	1310	1311	50.0000	11.11	0	0.170776376	3.025E-11	2	0	1
1311	1311	1312	50.0000	11.11	0	-0.052001953	0	2	0	1
1312	1312	1313	50.0000	11.11	0	-0.276611328	2.27E-12	2	0	1
1313	1313	1314	50.0000	11.11	0	-0.294637044	2.27E-12	2	0	1
1314	1314	1315	50.0000	11.11	0	-0.205078125	0	2	0	1
1315	1315	1316	50.0000	11.11	0	-0.168660482	2.27E-12	2	0	1
1316	1316	1317	50.0000	11.11	0	-0.154215495	2.27E-12	2	0	1
1317	1317	1318	50.0000	11.11	0	-0.083821614	3.252E-11	2	0	1
1318	1318	1319	50.0000	11.11	0	-0.310058594	3.479E-11	2	0	1
1319	1319	1320	50.0000	11.11	0	-0.323038737	2.27E-12	2	0	1
1320	1320	1321	50.0000	11.11	0	-0.298990885	0	2	0	1
1321	1321	1322	50.0000	11.11	0	-0.026123047	2.27E-12	2	0	1
1322	1322	1323	50.0000	11.11	0	-0.009562174	2.27E-12	2	0	1
1323	1323	1324	50.0000	11.11	0	-0.009562174	0	2	0	1
1324	1324	1325	50.0000	11.11	0	0.020629883	2.27E-12	2	0	1
1325	1325	1326	50.0000	11.11	0	0.020629883	3.479E-11	2	0	1
1326	1326	1327	50.0000	11.11	0	0.038696289	3.252E-11	2	0	1
1327	1327	1328	50.0000	11.11	0	0.023396810	2.27E-12	2	0	1
1328	1328	1329	50.0000	11.11	0	0.409952800	2.27E-12	2	0	1
1329	1329	1330	50.0000	11.11	0	0.542399089	0	2	0	1
1330	1330	1331	50.0000	11.11	0	0.753214518	2.27E-12	2	0	1
1331	1331	1332	50.0000	11.11	0	0.578043620	2.27E-12	2	0	1
1332	1332	1333	50.0000	11.11	0	0.483520508	0	2	0	1
1333	1333	1334	50.0000	11.11	0	0.356485996	3.025E-11	2	0	1
1334	1334	1335	50.0000	11.11	0	0.145100905	0.002290736	2	0	1
1335	1335	1336	50.0000	11.11	0	0.089111322	0.000150842	2	0	1
1336	1336	1337	50.0000	11.11	0	0.029907449	0.001761899	2	0	1
1337	1337	1338	50.0000	11.11	0	0.045654519	0.002624033	2	0	1
1338	1338	1339	50.0000	11.11	0	0.045654519	3.027E-11	2	0	1
1339	1339	1340	50.0000	11.11	0	0.034952799	0.041056062	2	0	1
1340	1340	1341	49.9920	11.11	0	0.274417165	0.051240536	2	0	1
1341	1341	1342	49.9967	11.11	0	0.385808213	0.048068806	2	0	1
1342	1342	1343	49.9942	11.11	0	0.496639502	0.049614947	2	0	1
1343	1343	1344	49.9982	11.11	0	0.447769857	0.038391743	2	0	1
1344	1344	1345	49.9992	11.11	0	0.385300606	0.070005884	2	0	1
1345	1345	1346	50.0000	11.11	0	0.527669306	0.034550182	2	0	1
1346	1346	1347	49.9981	11.11	0	0.490171800	0.008951023	2	0	1
1347	1347	1348	50.0000	11.11	0	0.479655127	1.54E-12	2	0	1
1348	1348	1349	50.0000	11.11	0	0.542114258	0	2	0	1
1349	1349	1350	50.0000	11.11	0	0.830078125	1.54E-12	2	0	1
1350	1350	1351	50.0000	11.11	0	0.838175456	3.669E-11	2	0	1
1351	1351	1352	50.0000	11.11	0	0.569702148	3.669E-11	2	0	1
1352	1352	1353	50.0000	11.11	0	0.112915039	1.54E-12	2	0	1
1353	1353	1354	50.0000	11.11	0	-0.025187174	1.54E-12	2	0	1
1354	1354	1355	50.0000	11.11	0	-0.091552734	1.54E-12	2	0	1
1355	1355	1356	50.0000	11.11	0	0.952799479	0	2	0	1
1356	1356	1357	50.0000	11.11	0	1.479777018	3.361E-11	2	0	1
1357	1357	1358	50.0000	11.11	0	1.479777018	3.361E-11	2	0	1
1358	1358	1359	50.0000	11.11	0	-0.321655107	0.003078279	2	0	1
1359	1359	1360	49.9997	11.11	0	-0.757084454	0.017032989	2	0	1
1360	1360	1361	49.9995	11.11	0	-0.618739744	0.052172801	2	0	1
1361	1361	1362	50.0000	11.11	0	0.138346354	0.046594912	2	0	1
1362	1362	1363	49.9900	11.11	0	0.341661795	0.045524306	2	0	1
1363	1363	1364	49.9815	11.11	0	0.477105194	0.053470212	2	0	1
1364	1364	1365	50.0000	11.11	0	0.783569574	0.064055012	2	0	1
1365	1365	1366	49.9962	11.11	0	1.024654908	0.042942701	2	0	1
1366	1366	1367	49.9969	11.11	0	2.508049745	0.0575387	2	0	1
1367	1367	1368	49.9836	11.11	0	2.201975585	0.06155157	2	0	1
1368	1368	1369	50.0000	11.11	0	1.806111724	0.048394608	2	0	1
1369	1369	1370	49.9988	11.11	0	0.431325722	0.036765444	2	0	1
1370	1370	1371	49.9953	11.11	0	0.605648018	0.023003337	2	0	1
1371	1371	1372	50.0000	11.11	0	1.077636985	2.68E-12	2	0	1
1372	1372	1373	50.0000	11.11	0	0.741780599	0	2	0	1
1373	1373	1374	50.0000	11.11	0	0.659057617	3.046E-11	2	0	1
1374	1374	1375	50.0000	11.11	0	0.137898763	3.314E-11	2	0	1
1375	1375	1376	50.0000	11.11	0	1.290242513	2.68E-12	2	0	1
1376	1376	1377	50.0000	11.11	0	1.362915039	0	2	0	1
1377	1377	1378	50.0000	11.11	0	1.806803385	0	2	0	1
1378	1378	1379	50.0000	11.11	0	0.979614258	2.68E-12	2	0	1
1379	1379	1380	50.0000	11.11	0	0.953369141	2.68E-12	2	0	1
1380	1380	1381	50.0000	11.11	0	0.971801758	0	2	0	1
1381	1381	1382	50.0000	11.11	0	0.654988607	2.777E-11	2	0	1
1382	1382	1383	50.0000	11.11	0	0.764485677	2.777E-11	2	0	1
1383	1383	1384	50.0000	11.11	0	0.382649740	0	2	0	1
1384	1384	1385	50.0000	11.11	0	0.327962240	0	2	0	1
1385	1385	1386	50.0000	11.11	0	-0.015258789	2.68E-12	2	0	1
1386	1386	1387	50.0000	11.11	0	-0.615193685	2.68E-12	2	0	1
1387	1387	1388	50.0000	11.11	0	-1.031250000	0	2	0	1
1388	1388	1389	50.0000	11.11	0	-0.935506185	0	2	0	1
1389	1389	1390	50.0000	11.11	0	-0.416056315	2.777E-11	2	0	1
1390	1390	1391	50.0000	11.11	0	0.212727865	5.46829E-05	2	0	1
1391	1391	1392	50.0000	11.11	0	0.329753049	0.002762573	2	0	1
1392	1392	1393	50.0000	11.11	0	1.613851357	0.005708623	2	0	1
1393	1393	1394	50.0000	11.11	0	2.320760536	3.316E-11	2	0	1
1394	1394	1395	50.0000	11.11	0	2.203735352	3.316E-11	2	0	1
1395	1395	1396	50.0000	11.11	0	0.837280302	0.001226669	2	0	1
1396	1396	1397	50.0000	11.11	0	-0.082356742	0.005499418	2	0	1
1397	1397	1398	49.9996	11.11	0	-0.082357401	0.022695887	2	0	1
1398	1398	1399	50.0000	11.11	0	0.927330086	0.126132125	2	0	1
1399	1399	1400	49.9603	11.11	0	1.358177592	0.082093649	2	0	1
1400	1400	1401	49.9992	11.11	0	1.357120913	0.022238997	2	0	1
1401	1401	1402	50.0000	11.11	0	0.423869048	2.431E-11	2	0	1
1402	1402	1403	50.0000	11.11	0	-1.315634397	0.023012877	2	0	1
1403	1403	1404	49.9894	11.11	0	-1.315913371	0.097180683	2	0	1
1404	1404	1405	49.9874	11.11	0	0.682623406	0.094855734	2	0	1
1405	1405	1406	49.9983	11.11	0	1.992253454	0.031432922	2	0	1
1406	1406	1407	50.0000	11.11	0	1.992185717	0.006341923	2	0	1
1407	1407	1408	49.9996	11.11	0	-0.240806005	0.009780551	2	0	1
1408	1408	1409	50.0000	11.11	0	-0.293579144	0	2	0	1
1409	1409	1410	50.0000	11.11	0	-0.293579144	3.052E-11	2	0	1
1410	1410	1411	50.0000	11.11	0	0.081380209	3.052E-11	2	0	1
1411	1411	1412	50.0000	11.11	0	0.134155274	0	2	0	1
1412	1412	1413	50.0000	11.11	0	-0.071085612	0	2	0	1
1413	1413	1414	50.0000	11.11	0	-0.205240885	0	2	0	1
1414	1414	1415	50.0000	11.11	0	-0.199707031	0	2	0	1
1415	1415	1416	50.0000	11.11	0	0.252075195	0	2	0	1
1416	1416	1417	50.0000	11.11	0	0.324829102	3.052E-11	2	0	1
1417	1417	1418	50.0000	11.11	0	0.319295247	3.052E-11	2	0	1
1418	1418	1419	50.0000	11.11	0	0.629638672	0	2	0	1
1419	1419	1420	50.0000	11.11	0	0.689737956	0	2	0	1
1420	1420	1421	50.0000	11.11	0	0.761230469	0	2	0	1
1421	1421	1422	50.0000	11.11	0	0.230224609	0	2	0	1
1422	1422	1423	50.0000	11.11	0	0.142333984	0	2	0	1
1423	1423	1424	50.0000	11.11	0	0.084025065	3.052E-11	2	0	1
1424	1424	1425	50.0000	11.11	0	0.325032552	3.052E-11	2	0	1
1425	1425	1426	50.0000	11.11	0	0.373331706	0	2	0	1
1426	1426	1427	50.0000	11.11	0	0.360148112	0	2	0	1
1427	1427	1428	50.0000	11.11	0	0.380452474	0	2	0	1
1428	1428	1429	50.0000	11.11	0	0.287190755	0	2	0	1
1429	1429	1430	50.0000	11.11	0	0.287190755	0	2	0	1
1430	1430	1431	50.0000	11.11	0	0.581420899	3.052E-11	2	0	1
1431	1431	1432	50.0000	11.11	0	0.748494559	0.004269894	2	0	1
1432	1432	1433	49.9980	11.11	0	1.044800935	0.076977623	2	0	1
1433	1433	1434	49.9997	11.11	0	0.623416854	0.045864461	2	0	1
1434	1434	1435	50.0000	11.11	0	0.740478174	0.053851823	2	0	1
1435	1435	1436	49.9989	11.11	0	0.678847665	0.059751353	2	0	1
1436	1436	1437	50.0000	11.11	0	1.062622227	0.033614915	2	0	1
1437	1437	1438	49.9979	11.11	0	0.798373796	0.034742737	2	0	1
1438	1438	1439	49.9955	11.11	0	1.080542005	0.02910706	2	0	1
1439	1439	1440	50.0000	11.11	0	0.814493802	1.99E-12	2	0	1
1440	1440	1441	50.0000	11.11	0	1.149495480	0.011908637	2	0	1
1441	1441	1442	49.9998	11.11	0	0.964318673	0.002757555	2	0	1
1442	1442	1443	50.0000	11.11	0	1.190673865	3.183E-11	2	0	1
1443	1443	1444	50.0000	11.11	0	0.838256836	3.183E-11	2	0	1
1444	1444	1445	50.0000	11.11	0	0.792073568	3.183E-11	2	0	1
1445	1445	1446	50.0000	11.11	0	0.290608724	3.183E-11	2	0	1
1446	1446	1447	50.0000	11.11	0	0.591145833	3.183E-11	2	0	1
1447	1447	1448	50.0000	11.11	0	0.544637044	3.183E-11	2	0	1
1448	1448	1449	50.0000	11.11	0	1.036702474	3.183E-11	2	0	1
1449	1449	1450	50.0000	11.11	0	0.910156250	3.183E-11	2	0	1
1450	1450	1451	50.0000	11.11	0	0.965006511	3.183E-11	2	0	1
1451	1451	1452	50.0000	11.11	0	0.628743490	3.183E-11	2	0	1
1452	1452	1453	50.0000	11.11	0	0.611165365	3.183E-11	2	0	1
1453	1453	1454	50.0000	11.11	0	0.382568359	3.183E-11	2	0	1
1454	1454	1455	50.0000	11.11	0	0.419718424	3.183E-11	2	0	1
1455	1455	1456	50.0000	11.11	0	0.353963216	3.183E-11	2	0	1
1456	1456	1457	50.0000	11.11	0	0.328694661	3.183E-11	2	0	1
1457	1457	1458	50.0000	11.11	0	0.377522787	3.183E-11	2	0	1
1458	1458	1459	50.0000	11.11	0	0.284423828	3.183E-11	2	0	1
1459	1459	1460	50.0000	11.11	0	0.244588216	3.183E-11	2	0	1
1460	1460	1461	50.0000	11.11	0	-0.129109701	3.183E-11	2	0	1
1461	1461	1462	50.0000	11.11	0	-0.129109701	3.183E-11	2	0	1
1462	1462	1463	50.0000	11.11	0	-0.186848988	0.002630937	2	0	1
1463	1463	1464	50.0000	11.11	0	-0.134806345	0.000667175	2	0	1
1464	1464	1465	50.0000	11.11	0	-0.250813832	3.187E-11	2	0	1
1465	1465	1466	50.0000	11.11	0	-0.271118164	3.187E-11	2	0	1
1466	1466	1467	50.0000	11.11	0	-0.301920573	0	2	0	1
1467	1467	1468	50.0000	11.11	0	-0.336751302	0	2	0	1
1468	1468	1469	50.0000	11.11	0	-0.296834310	0	2	0	1
1469	1469	1470	50.0000	11.11	0	-0.196818034	3.382E-11	2	0	1
1470	1470	1471	50.0000	11.11	0	-0.100423177	3.382E-11	2	0	1
1471	1471	1472	50.0000	11.11	0	-0.180175822	0.001065727	2	0	1
1472	1472	1473	50.0000	11.11	0	-0.683919312	0.002626027	2	0	1
1473	1473	1474	50.0000	11.11	0	-0.679036500	3.379E-11	2	0	1
1474	1474	1475	50.0000	11.11	0	-0.893554894	0.051363333	2	0	1
1475	1475	1476	49.9812	11.11	0	-0.382101885	0.082661489	2	0	1
1476	1476	1477	49.9979	11.11	0	-0.241790931	0.064875058	2	0	1
1477	1477	1478	49.9866	11.11	0	0.450519532	0.042465097	2	0	1
1478	1478	1479	50.0000	11.11	0	0.727620472	2.45E-12	2	0	1
1479	1479	1480	50.0000	11.11	0	1.074626027	0.017331564	2	0	1
1480	1480	1481	49.9935	11.11	0	0.877393096	0.164377544	2	0	1
1481	1481	1482	49.8702	11.11	0	0.818204972	0.368645561	2	0	1
1482	1482	1483	49.9534	11.11	0	0.462466913	0.110494984	2	0	1
1483	1483	1484	49.9997	11.11	0	0.432741766	0.016599307	2	0	1
1484	1484	1485	49.9903	11.11	0	0.677540186	0.16810863	2	0	1
1485	1485	1486	49.9565	11.11	0	0.594348399	0.265020434	2	0	1
1486	1486	1487	49.9325	11.11	0	0.185756947	0.224471151	2	0	1
1487	1487	1488	49.9787	11.11	0	-1.571755007	0.085970532	2	0	1
1488	1488	1489	50.0000	11.11	0	-1.571085440	0.000711432	2	0	1
1489	1489	1490	50.0000	11.11	0	-0.034099934	0.062001537	2	0	1
1490	1490	1491	49.9898	11.11	0	2.661265971	0.145604914	2	0	1
1491	1491	1492	49.9590	11.11	0	3.093842570	0.207634332	2	0	1
1492	1492	1493	49.9955	11.11	0	1.934783687	0.060809726	2	0	1
1493	1493	1494	49.9957	11.11	0	1.197286418	0.020843776	2	0	1
1494	1494	1495	49.9660	11.11	0	0.881702240	0.096006842	2	0	1
1495	1495	1496	49.9991	11.11	0	0.776014162	0.117408826	2	0	1
1496	1496	1497	49.9889	11.11	0	0.114527202	0.07339573	2	0	1
1497	1497	1498	49.9646	11.11	0	0.122564420	0.286098553	2	0	1
1498	1498	1499	49.9565	11.11	0	0.150725638	0.101366826	2	0	1
1499	1499	1500	2.0000	11.11	0	4.467784205	0.101366826	2	0	1
