This is the link file of route1
1502	1	1
1	1	2	43.0	4.1194	0	0.0	0.1155	2	0	1
2	2	3	56.0	3.8889	0	0.0	0.14	2	0	1
3	3	4	51.0	3.4389	0	0.0	0.2383	2	0	1
4	4	5	47.0	5.2194	0	0.0	0.0336	2	0	1
5	5	6	53.0	6.0306	0	0.0	0.0731	2	0	1
6	6	7	50.0	6.0111	0	0.0	0.0409	2	0	1
7	7	8	48.0	5.6000	0	0.0	0.036	2	0	1
8	8	9	47.0	6.0194	0	0.0	0.0679	2	0	1
9	9	10	50.0	6.4000	0	0.0	0.0353	2	0	1
10	10	11	50.0	6.4611	0	0.0	0.0218	2	0	1
11	11	12	53.0	6.6000	0	0.0	0.0305	2	0	1
12	12	13	53.0	6.4389	0	0.0	0.056	2	0	1
13	13	14	44.0	6.2111	0	0.0	0.1863	2	0	1
14	14	15	52.0	5.6389	0	0.0	0.1277	2	0	1
15	15	16	52.0	4.8806	0	0.0	0.09	2	0	1
16	16	17	48.0	5.9889	0	0.0	0.0651	2	0	1
17	17	18	58.0	9.2806	0	1.267	0.061	2	0	1
18	18	19	42.0	10.4694	0	0.047	0.1956	2	0	1
19	19	20	50.0	13.0111	0	0.123	0.1081	2	0	1
20	20	21	57.0	15.2611	0	0.198	0.1741	2	0	1
21	21	22	46.0	15.3306	0	0.005	0.0647	2	0	1
22	22	23	59.0	15.1500	0	0.004	0.0616	2	0	1
23	23	24	43.0	14.3306	0	0.0	0.0166	2	0	1
24	24	25	51.0	12.6194	0	0.159	0.0613	2	0	1
25	25	26	46.0	10.8194	0	0.116	0.0041	2	0	1
26	26	27	49.0	9.4500	0	0.51	0.0613	2	0	1
27	27	28	54.0	8.8306	0	0.479	0.0114	2	0	1
28	28	29	49.0	10.3306	0	0.309	0.0621	2	0	1
29	29	30	55.0	11.5111	0	0.435	0.0074	2	0	1
30	30	31	49.0	12.7111	0	0.264	0.0224	2	0	1
31	31	32	55.0	13.7194	0	0.139	0.0055	2	0	1
32	32	33	42.0	13.9000	0	0.063	0.0567	2	0	1
33	33	34	51.0	12.2500	0	0.0	0.0017	2	0	1
34	34	35	51.0	9.8111	0	-0.077	0.0004	2	0	1
35	35	36	48.0	9.3194	0	0.174	0.0398	2	0	1
36	36	37	45.0	8.7500	0	0.317	0.0137	2	0	1
37	37	38	52.0	8.7611	0	0.291	0.004	2	0	1
38	38	39	51.0	8.3389	0	0.181	0.0108	2	0	1
39	39	40	51.0	7.9194	0	0.095	0.0209	2	0	1
40	40	41	49.0	8.0500	0	0.264	0.0824	2	0	1
41	41	42	52.0	6.8500	0	0.089	0.0293	2	0	1
42	42	43	50.0	7.0611	0	0.268	0.0855	2	0	1
43	43	44	49.0	6.9389	0	0.009	0.0571	2	0	1
44	44	45	46.0	5.3694	0	0.062	0.0303	2	0	1
45	45	46	53.0	5.3611	0	1.177	0.0838	2	0	1
46	46	47	47.0	7.0889	0	-0.21	0.0049	2	0	1
47	47	48	49.0	8.3611	0	0.099	0.0703	2	0	1
48	48	49	55.0	9.5889	0	0.077	0.0041	2	0	1
49	49	50	52.0	11.1806	0	0.24	0.0026	2	0	1
50	50	51	47.0	12.1306	0	0.177	0.0798	2	0	1
51	51	52	51.0	12.8194	0	0.133	0.016	2	0	1
52	52	53	55.0	13.4500	0	0.112	0.0522	2	0	1
53	53	54	41.0	13.8306	0	0.161	0.0029	2	0	1
54	54	55	58.0	14.6694	0	0.064	0.0788	2	0	1
55	55	56	44.0	14.6306	0	0.07	0.0542	2	0	1
56	56	57	50.0	16.0306	0	0.123	0.076	2	0	1
57	57	58	47.0	15.4000	0	0.131	0.0142	2	0	1
58	58	59	60.0	17.8194	0	0.062	0.1241	2	0	1
59	59	60	56.0	18.4694	0	0.074	0.0022	2	0	1
60	60	61	37.0	19.1111	0	0.0	0.0328	2	0	1
61	61	62	58.0	19.3111	0	0.079	0.1029	2	0	1
62	62	63	43.0	19.7306	0	0.0	0.1903	2	0	1
63	63	64	60.0	19.5194	0	0.113	0.0893	2	0	1
64	64	65	40.0	19.4694	0	0.0	0.1416	2	0	1
65	65	66	57.0	19.1389	0	0.042	0.168	2	0	1
66	66	67	56.0	19.0806	0	0.035	0.1647	2	0	1
67	67	68	35.0	18.9889	0	0.0	0.1109	2	0	1
68	68	69	55.0	17.4806	0	0.088	0.1182	2	0	1
69	69	70	58.0	18.9611	0	0.102	0.2352	2	0	1
70	70	71	37.0	17.8111	0	0.0	0.1394	2	0	1
71	71	72	54.0	18.0611	0	0.118	0.1058	2	0	1
72	72	73	55.0	17.6694	0	0.152	0.0236	2	0	1
73	73	74	53.0	17.6194	0	0.141	0.085	2	0	1
74	74	75	53.0	16.7111	0	0.153	0.0847	2	0	1
75	75	76	51.0	17.0194	0	0.2	0.0775	2	0	1
76	76	77	34.0	17.5889	0	0.0	0.0282	2	0	1
77	77	78	50.0	17.0611	0	0.079	0.096	2	0	1
78	78	79	50.0	16.4194	0	0.198	0.1573	2	0	1
79	79	80	62.0	16.3611	0	0.12	0.1063	2	0	1
80	80	81	48.0	16.1389	0	0.05	0.0335	2	0	1
81	81	82	48.0	15.9306	0	0.293	0.0957	2	0	1
82	82	83	47.0	15.7111	0	0.168	0.0136	2	0	1
83	83	84	46.0	15.2500	0	0.32	0.0404	2	0	1
84	84	85	46.0	15.0500	0	0.239	0.0791	2	0	1
85	85	86	60.0	14.9306	0	0.198	0.0419	2	0	1
86	86	87	45.0	14.4806	0	0.156	0.0015	2	0	1
87	87	88	44.0	14.0611	0	0.135	0.0705	2	0	1
88	88	89	56.0	14.4194	0	0.118	0.1227	2	0	1
89	89	90	56.0	14.3194	0	0.259	0.0093	2	0	1
90	90	91	40.0	13.5611	0	0.17	0.0157	2	0	1
91	91	92	54.0	13.9389	0	0.13	0.0838	2	0	1
92	92	93	50.0	13.0500	0	0.391	0.0235	2	0	1
93	93	94	54.0	12.8806	0	0.285	0.0159	2	0	1
94	94	95	50.0	12.7500	0	0.22	0.0393	2	0	1
95	95	96	47.0	12.1806	0	0.397	0.1454	2	0	1
96	96	97	48.0	12.0306	0	0.146	0.051	2	0	1
97	97	98	46.0	11.7500	0	0.248	0.0217	2	0	1
98	98	99	58.0	11.4611	0	0.295	0.0632	2	0	1
99	99	100	45.0	11.2389	0	0.154	0.0193	2	0	1
100	100	101	53.0	10.8889	0	0.466	0.0408	2	0	1
101	101	102	43.0	10.4500	0	0.307	0.0878	2	0	1
102	102	103	51.0	10.1806	0	0.362	0.0671	2	0	1
103	103	104	50.0	9.8000	0	0.334	0.0188	2	0	1
104	104	105	57.0	9.2306	0	0.14	0.0346	2	0	1
105	105	106	46.0	9.1806	0	0.392	0.0805	2	0	1
106	106	107	47.0	8.8611	0	0.089	0.0571	2	0	1
107	107	108	51.0	8.7194	0	0.319	0.0282	2	0	1
108	108	109	57.0	10.6389	0	0.426	0.0134	2	0	1
109	109	110	44.0	11.0889	0	0.025	0.0069	2	0	1
110	110	111	53.0	10.6194	0	0.377	0.0645	2	0	1
111	111	112	53.0	10.1306	0	0.473	0.0687	2	0	1
112	112	113	51.0	9.9111	0	0.435	0.0146	2	0	1
113	113	114	50.0	9.8194	0	0.259	0.058	2	0	1
114	114	115	46.0	9.2194	0	0.401	0.122	2	0	1
115	115	116	46.0	8.7806	0	0.532	0.0281	2	0	1
116	116	117	58.0	7.9889	0	0.261	0.0303	2	0	1
117	117	118	49.0	7.8389	0	0.242	0.0182	2	0	1
118	118	119	46.0	7.4000	0	0.492	0.0006	2	0	1
119	119	120	49.0	6.9806	0	0.166	0.0042	2	0	1
120	120	121	49.0	6.7000	0	0.206	0.0876	2	0	1
121	121	122	51.0	6.0889	0	0.483	0.131	2	0	1
122	122	123	51.0	5.4000	0	0.724	0.1873	2	0	1
123	123	124	48.0	5.0694	0	0.092	0.087	2	0	1
124	124	125	51.0	4.8611	0	-0.086	0.0246	2	0	1
125	125	126	49.0	5.9500	0	-0.118	0.1737	2	0	1
126	126	127	53.0	6.0806	0	0.178	0.0753	2	0	1
127	127	128	50.0	5.6000	0	0.901	0.0234	2	0	1
128	128	129	46.0	5.3194	0	0.478	0.0889	2	0	1
129	129	130	51.0	4.9889	0	0.022	0.1278	2	0	1
130	130	131	53.0	4.6306	0	-0.091	0.2227	2	0	1
131	131	132	47.0	2.7000	0	0.082	0.0169	2	0	1
132	132	133	48.0	4.7694	0	0.156	0.1306	2	0	1
133	133	134	51.0	4.9889	0	0.224	0.0549	2	0	1
134	134	135	49.0	4.7694	0	0.183	0.0256	2	0	1
135	135	136	50.0	4.5000	0	-0.057	0.0282	2	0	1
136	136	137	42.0	4.1806	0	0.182	0.0164	2	0	1
137	137	138	55.0	3.7000	0	0.084	0.0058	2	0	1
138	138	139	49.0	3.4111	0	0.166	0.0213	2	0	1
139	139	140	47.0	4.7611	0	-0.29	0.0624	2	0	1
140	140	141	49.0	5.7889	0	0.121	0.0687	2	0	1
141	141	142	47.0	5.7806	0	-0.098	0.0972	2	0	1
142	142	143	50.0	5.6389	0	-0.04	0.0239	2	0	1
143	143	144	50.0	5.4694	0	-0.136	0.1851	2	0	1
144	144	145	54.0	5.3111	0	0.122	0.0482	2	0	1
145	145	146	48.0	5.2611	0	-0.183	0.1792	2	0	1
146	146	147	48.0	5.2111	0	-0.311	0.0131	2	0	1
147	147	148	51.0	5.0694	0	0.147	0.0746	2	0	1
148	148	149	48.0	4.6694	0	0.05	0.1183	2	0	1
149	149	150	54.0	4.3194	0	0.294	0.0598	2	0	1
150	150	151	43.0	3.6000	0	0.315	0.136	2	0	1
151	151	152	50.0	4.3611	0	0.126	0.1964	2	0	1
152	152	153	49.0	5.8806	0	0.34	0.1875	2	0	1
153	153	154	53.0	5.6611	0	0.968	0.1673	2	0	1
154	154	155	47.0	4.7000	0	0.7	0.1823	2	0	1
155	155	156	52.0	3.2889	0	1.792	0.1515	2	0	1
156	156	157	49.0	6.1000	0	0.341	0.187	2	0	1
157	157	158	57.0	8.5889	0	0.341	0.1534	2	0	1
158	158	159	49.0	8.0111	0	0.723	0.2772	2	0	1
159	159	160	47.0	7.4500	0	0.452	0.072	2	0	1
160	160	161	50.0	6.7500	0	0.627	0.0559	2	0	1
161	161	162	46.0	6.6694	0	0.795	0.0417	2	0	1
162	162	163	56.0	9.5500	0	0.165	0.0496	2	0	1
163	163	164	53.0	11.4889	0	0.201	0.0355	2	0	1
164	164	165	52.0	13.6611	0	0.25	0.0824	2	0	1
165	165	166	44.0	14.8889	0	0.156	0.1116	2	0	1
166	166	167	61.0	14.8694	0	0.112	0.1296	2	0	1
167	167	168	43.0	13.9306	0	0.056	0.1609	2	0	1
168	168	169	51.0	11.7194	0	0.207	0.1406	2	0	1
169	169	170	42.0	9.8611	0	0.398	0.1619	2	0	1
170	170	171	56.0	9.4389	0	0.643	0.143	2	0	1
171	171	172	52.0	11.3194	0	0.245	0.166	2	0	1
172	172	173	51.0	12.9889	0	0.315	0.1748	2	0	1
173	173	174	43.0	14.4611	0	0.401	0.115	2	0	1
174	174	175	47.0	15.6306	0	0.024	0.2046	2	0	1
175	175	176	65.0	16.5194	0	0.349	0.0532	2	0	1
176	176	177	34.0	16.4806	0	0.0	0.0079	2	0	1
177	177	178	65.0	15.9889	0	0.739	0.0476	2	0	1
178	178	179	46.0	15.4000	0	0.431	0.0358	2	0	1
179	179	180	46.0	15.1111	0	0.3	0.109	2	0	1
180	180	181	45.0	14.8889	0	0.602	0.0895	2	0	1
181	181	182	59.0	14.6889	0	0.52	0.0145	2	0	1
182	182	183	44.0	14.5500	0	0.025	0.0311	2	0	1
183	183	184	58.0	14.2194	0	0.125	0.0259	2	0	1
184	184	185	43.0	14.0194	0	0.254	0.0389	2	0	1
185	185	186	55.0	13.7194	0	0.174	0.0242	2	0	1
186	186	187	41.0	13.4306	0	0.199	0.0801	2	0	1
187	187	188	52.0	13.1306	0	0.271	0.183	2	0	1
188	188	189	52.0	12.7806	0	0.496	0.1138	2	0	1
189	189	190	51.0	12.4306	0	0.322	0.1391	2	0	1
190	190	191	48.0	12.0000	0	0.385	0.1594	2	0	1
191	191	192	47.0	11.6111	0	0.333	0.0662	2	0	1
192	192	193	58.0	11.3306	0	0.368	0.0078	2	0	1
193	193	194	44.0	10.9306	0	0.03	0.0182	2	0	1
194	194	195	54.0	10.4806	0	0.734	0.0051	2	0	1
195	195	196	50.0	10.0111	0	0.639	0.024	2	0	1
196	196	197	48.0	9.5806	0	0.457	0.0136	2	0	1
197	197	198	47.0	9.1111	0	0.52	0.0385	2	0	1
198	198	199	53.0	8.5194	0	0.273	0.033	2	0	1
199	199	200	50.0	7.9306	0	0.798	0.006	2	0	1
200	200	201	54.0	7.6611	0	0.544	0.0305	2	0	1
201	201	202	48.0	8.3694	0	0.491	0.0095	2	0	1
202	202	203	52.0	8.7000	0	0.428	0.048	2	0	1
203	203	204	51.0	8.1194	0	0.657	0.0484	2	0	1
204	204	205	47.0	7.6889	0	0.714	0.0067	2	0	1
205	205	206	53.0	7.3194	0	0.374	0.0142	2	0	1
206	206	207	50.0	7.0111	0	0.167	0.0605	2	0	1
207	207	208	49.0	6.7194	0	0.087	0.0476	2	0	1
208	208	209	51.0	6.5111	0	0.336	0.2484	2	0	1
209	209	210	45.0	6.2694	0	-0.056	0.1258	2	0	1
210	210	211	52.0	6.1889	0	-0.04	0.0044	2	0	1
211	211	212	50.0	5.9194	0	0.056	0.1106	2	0	1
212	212	213	51.0	5.5500	0	0.061	0.0061	2	0	1
213	213	214	49.0	5.2806	0	0.244	0.0214	2	0	1
214	214	215	52.0	5.3611	0	0.139	0.0423	2	0	1
215	215	216	50.0	6.7611	0	-0.018	0.157	2	0	1
216	216	217	46.0	6.4806	0	0.897	0.0337	2	0	1
217	217	218	56.0	6.1000	0	0.813	0.0307	2	0	1
218	218	219	48.0	5.8694	0	-0.018	0.0232	2	0	1
219	219	220	52.0	5.7194	0	-0.113	0.0807	2	0	1
220	220	221	49.0	5.7111	0	1.069	0.0913	2	0	1
221	221	222	45.0	4.2194	0	0.382	0.0423	2	0	1
222	222	223	49.0	1.4389	0	-0.49	0.0051	2	0	1
223	223	224	51.0	6.1500	0	-2.003	0.1394	2	0	1
224	224	225	56.0	6.3889	0	0.233	0.1158	2	0	1
225	225	226	46.0	6.4194	0	-0.356	0.2327	2	0	1
226	226	227	52.0	6.2194	0	-1.015	0.0543	2	0	1
227	227	228	50.0	6.0000	0	0.781	0.0205	2	0	1
228	228	229	54.0	5.8611	0	-0.922	0.0005	2	0	1
229	229	230	45.0	5.6889	0	0.179	0.0301	2	0	1
230	230	231	49.0	5.3306	0	0.42	0.0215	2	0	1
231	231	232	52.0	4.9611	0	0.726	0.1814	2	0	1
232	232	233	48.0	4.5500	0	-0.087	0.1782	2	0	1
233	233	234	49.0	4.6611	0	0.691	0.2257	2	0	1
234	234	235	47.0	5.4111	0	0.22	0.1992	2	0	1
235	235	236	53.0	6.0194	0	0.376	0.0319	2	0	1
236	236	237	49.0	5.6500	0	0.212	0.0238	2	0	1
237	237	238	47.0	4.5889	0	1.293	0.2067	2	0	1
238	238	239	57.0	4.2389	0	-1.092	0.2655	2	0	1
239	239	240	44.0	3.1694	0	2.504	0.0317	2	0	1
240	240	241	53.0	6.5194	0	-0.448	0.0253	2	0	1
241	241	242	46.0	7.8694	0	1.478	0.1378	2	0	1
242	242	243	54.0	7.8889	0	-0.592	0.2493	2	0	1
243	243	244	49.0	7.9194	0	1.438	0.3145	2	0	1
244	244	245	47.0	7.6194	0	0.423	0.274	2	0	1
245	245	246	50.0	7.1111	0	0.012	0.115	2	0	1
246	246	247	53.0	6.6111	0	-1.83	0.028	2	0	1
247	247	248	46.0	5.9806	0	0.35	0.0062	2	0	1
248	248	249	50.0	5.3500	0	-0.242	0.0068	2	0	1
249	249	250	50.0	4.8000	0	0.253	0.0481	2	0	1
250	250	251	50.0	5.4306	0	0.052	0.0831	2	0	1
251	251	252	53.0	6.1500	0	0.172	0.1471	2	0	1
252	252	253	50.0	6.2000	0	0.522	0.1159	2	0	1
253	253	254	50.0	6.1806	0	-0.676	0.077	2	0	1
254	254	255	49.0	6.2611	0	1.075	0.0225	2	0	1
255	255	256	53.0	6.4806	0	-0.702	0.0485	2	0	1
256	256	257	52.0	6.5111	0	-1.276	0.0258	2	0	1
257	257	258	45.0	6.4611	0	0.783	0.0325	2	0	1
258	258	259	50.0	6.3306	0	1.676	0.0244	2	0	1
259	259	260	51.0	6.0889	0	0.777	0.1603	2	0	1
260	260	261	48.0	5.6806	0	-1.955	0.3834	2	0	1
261	261	262	50.0	5.3889	0	1.944	0.3265	2	0	1
262	262	263	53.0	4.9111	0	-0.503	0.2102	2	0	1
263	263	264	51.0	6.3806	0	-0.63	0.1673	2	0	1
264	264	265	52.0	8.9306	0	1.647	0.1113	2	0	1
265	265	266	51.0	10.3389	0	0.652	0.045	2	0	1
266	266	267	44.0	11.0000	0	-0.445	0.0518	2	0	1
267	267	268	57.0	11.6806	0	1.563	0.073	2	0	1
268	268	269	48.0	12.1694	0	1.248	0.0095	2	0	1
269	269	270	52.0	13.4000	0	-0.517	0.0265	2	0	1
270	270	271	42.0	14.5694	0	0.162	0.047	2	0	1
271	271	272	61.0	15.7111	0	1.359	0.0616	2	0	1
272	272	273	49.0	16.4389	0	0.96	0.0086	2	0	1
273	273	274	51.0	17.0194	0	0.539	0.0064	2	0	1
274	274	275	51.0	16.8806	0	0.0	0.0164	2	0	1
275	275	276	50.0	16.5389	0	0.415	0.0468	2	0	1
276	276	277	50.0	16.3389	0	0.301	0.0848	2	0	1
277	277	278	48.0	16.0194	0	0.0	0.0333	2	0	1
278	278	279	47.0	15.7889	0	-0.536	0.0493	2	0	1
279	279	280	48.0	15.3111	0	0.0	0.0283	2	0	1
280	280	281	59.0	14.5889	0	1.594	0.0059	2	0	1
281	281	282	45.0	14.4500	0	0.474	0.029	2	0	1
282	282	283	42.0	14.0000	0	0.978	0.0402	2	0	1
283	283	284	54.0	13.6389	0	0.228	0.0374	2	0	1
284	284	285	54.0	13.1611	0	1.204	0.0339	2	0	1
285	285	286	52.0	12.8000	0	0.088	0.0072	2	0	1
286	286	287	50.0	12.3111	0	0.245	0.0001	2	0	1
287	287	288	48.0	11.5889	0	0.105	0.0156	2	0	1
288	288	289	48.0	11.5000	0	0.767	0.0045	2	0	1
289	289	290	46.0	11.1500	0	0.754	0.0078	2	0	1
290	290	291	57.0	11.6000	0	0.21	0.0059	2	0	1
291	291	292	50.0	13.1694	0	0.495	0.0357	2	0	1
292	292	293	40.0	13.0611	0	0.0	0.0395	2	0	1
293	293	294	56.0	13.6500	0	0.0	0.0123	2	0	1
294	294	295	55.0	13.1806	0	0.731	0.0297	2	0	1
295	295	296	39.0	12.9111	0	0.529	0.0112	2	0	1
296	296	297	51.0	12.5806	0	0.0	0.0982	2	0	1
297	297	298	51.0	12.3389	0	0.552	0.1582	2	0	1
298	298	299	49.0	12.1111	0	-0.189	0.1089	2	0	1
299	299	300	60.0	11.7611	0	0.456	0.1432	2	0	1
300	300	301	47.0	11.5000	0	0.097	0.1049	2	0	1
301	301	302	46.0	11.0694	0	0.0	0.0049	2	0	1
302	302	303	54.0	10.2111	0	1.058	0.0105	2	0	1
303	303	304	45.0	8.5194	0	2.254	0.0437	2	0	1
304	304	305	47.0	7.5000	0	-0.007	0.0445	2	0	1
305	305	306	49.0	6.3806	0	0.779	0.0774	2	0	1
306	306	307	52.0	4.6000	0	1.78	0.0506	2	0	1
307	307	308	47.0	6.8000	0	1.256	0.0848	2	0	1
308	308	309	52.0	9.4111	0	-1.063	0.1568	2	0	1
309	309	310	53.0	11.5389	0	1.558	0.1357	2	0	1
310	310	311	51.0	13.2806	0	1.237	0.0975	2	0	1
311	311	312	43.0	14.6806	0	0.0	0.0464	2	0	1
312	312	313	62.0	15.6611	0	0.0	0.2453	2	0	1
313	313	314	50.0	15.4806	0	0.0	0.3238	2	0	1
314	314	315	47.0	15.3389	0	0.0	0.0832	2	0	1
315	315	316	46.0	14.9611	0	0.0	0.1943	2	0	1
316	316	317	44.0	14.8500	0	0.0	0.1316	2	0	1
317	317	318	60.0	14.7611	0	0.0	0.0895	2	0	1
318	318	319	44.0	14.2889	0	0.0	0.2034	2	0	1
319	319	320	56.0	13.8500	0	0.0	0.1116	2	0	1
320	320	321	42.0	13.4611	0	0.0	0.079	2	0	1
321	321	322	53.0	13.0194	0	0.195	0.0495	2	0	1
322	322	323	50.0	12.2500	0	-0.056	0.0039	2	0	1
323	323	324	51.0	11.8806	0	0.244	0.0827	2	0	1
324	324	325	48.0	11.7000	0	0.0	0.0997	2	0	1
325	325	326	47.0	11.6889	0	1.986	0.1689	2	0	1
326	326	327	51.0	13.5889	0	-0.462	0.1493	2	0	1
327	327	328	56.0	14.9306	0	0.417	0.2024	2	0	1
328	328	329	45.0	15.6194	0	0.362	0.1026	2	0	1
329	329	330	49.0	16.1500	0	0.39	0.2274	2	0	1
330	330	331	65.0	15.9806	0	0.88	0.1382	2	0	1
331	331	332	48.0	15.2500	0	0.039	0.1684	2	0	1
332	332	333	47.0	15.3806	0	-1.198	0.2452	2	0	1
333	333	334	46.0	15.0694	0	1.241	0.1316	2	0	1
334	334	335	46.0	14.7806	0	0.042	0.1408	2	0	1
335	335	336	59.0	14.5694	0	0.066	0.1914	2	0	1
336	336	337	43.0	14.2611	0	0.249	0.1389	2	0	1
337	337	338	57.0	13.9889	0	0.425	0.1264	2	0	1
338	338	339	41.0	13.8694	0	0.017	0.2323	2	0	1
339	339	340	56.0	13.4889	0	0.554	0.1563	2	0	1
340	340	341	53.0	12.8306	0	-0.174	0.1202	2	0	1
341	341	342	38.0	12.5694	0	1.826	0.0492	2	0	1
342	342	343	60.0	12.4500	0	0.751	0.0738	2	0	1
343	343	344	49.0	13.0111	0	0.259	0.0662	2	0	1
344	344	345	54.0	13.9889	0	0.207	0.0385	2	0	1
345	345	346	41.0	13.5194	0	0.283	0.01	2	0	1
346	346	347	52.0	13.1500	0	0.224	0.0164	2	0	1
347	347	348	52.0	12.7306	0	0.53	0.0136	2	0	1
348	348	349	51.0	12.4194	0	-0.25	0.0317	2	0	1
349	349	350	48.0	12.0806	0	1.597	0.0127	2	0	1
350	350	351	46.0	11.7000	0	-0.092	0.0331	2	0	1
351	351	352	58.0	11.1111	0	0.314	0.1975	2	0	1
352	352	353	46.0	10.8500	0	0.27	0.23	2	0	1
353	353	354	54.0	10.3111	0	0.787	0.4037	2	0	1
354	354	355	49.0	9.7000	0	0.969	0.394	2	0	1
355	355	356	48.0	9.2306	0	1.05	0.3399	2	0	1
356	356	357	45.0	8.8306	0	0.099	0.3306	2	0	1
357	357	358	51.0	8.2000	0	0.235	0.2868	2	0	1
358	358	359	48.0	7.6389	0	1.036	0.1511	2	0	1
359	359	360	51.0	5.4111	0	0.67	0.0129	2	0	1
360	360	361	53.0	4.0611	0	2.261	0.0261	2	0	1
361	361	362	49.0	6.3306	0	0.747	0.0029	2	0	1
362	362	363	53.0	8.9389	0	0.277	0.0371	2	0	1
363	363	364	50.0	10.9111	0	0.093	0.0085	2	0	1
364	364	365	47.0	12.3500	0	3.978	0.0234	2	0	1
365	365	366	54.0	14.0111	0	0.0	0.0128	2	0	1
366	366	367	45.0	15.0111	0	0.0	0.003	2	0	1
367	367	368	62.0	16.1500	0	0.0	0.0078	2	0	1
368	368	369	48.0	16.8611	0	0.0	0.0958	2	0	1
369	369	370	53.0	17.6611	0	0.0	0.1078	2	0	1
370	370	371	35.0	17.3389	0	0.0	0.0291	2	0	1
371	371	372	52.0	17.0806	0	4.93	0.0729	2	0	1
372	372	373	52.0	16.7889	0	0.961	0.1076	2	0	1
373	373	374	49.0	16.4500	0	0.0	0.0947	2	0	1
374	374	375	50.0	16.2694	0	0.672	0.2369	2	0	1
375	375	376	64.0	15.8694	0	0.236	0.174	2	0	1
376	376	377	47.0	15.6306	0	0.037	0.1284	2	0	1
377	377	378	47.0	15.2806	0	0.431	0.21	2	0	1
378	378	379	46.0	15.0306	0	0.526	0.208	2	0	1
379	379	380	59.0	14.5194	0	0.0	0.0688	2	0	1
380	380	381	44.0	14.3500	0	-0.786	0.0069	2	0	1
381	381	382	43.0	14.1000	0	0.229	0.0263	2	0	1
382	382	383	56.0	13.7111	0	0.0	0.0194	2	0	1
383	383	384	54.0	13.3194	0	0.016	0.0152	2	0	1
384	384	385	40.0	13.0000	0	0.0	0.009	2	0	1
385	385	386	51.0	12.6389	0	0.0	0.052	2	0	1
386	386	387	49.0	12.3000	0	1.345	0.0345	2	0	1
387	387	388	61.0	11.9194	0	0.313	0.0054	2	0	1
388	388	389	46.0	11.4806	0	-1.884	0.0199	2	0	1
389	389	390	44.0	10.9889	0	0.257	0.0479	2	0	1
390	390	391	55.0	10.5389	0	1.551	0.0009	2	0	1
391	391	392	51.0	10.0889	0	0.23	0.0153	2	0	1
392	392	393	48.0	9.7611	0	1.726	0.0069	2	0	1
393	393	394	46.0	8.9806	0	1.658	0.0111	2	0	1
394	394	395	53.0	6.1806	0	-0.808	0.0121	2	0	1
395	395	396	46.0	2.7694	0	1.438	0.0012	2	0	1
396	396	397	52.0	6.5611	0	-1.029	0.0293	2	0	1
397	397	398	51.0	7.8194	0	-0.601	0.0508	2	0	1
398	398	399	50.0	8.6500	0	0.893	0.0427	2	0	1
399	399	400	52.0	8.8194	0	-0.456	0.0811	2	0	1
400	400	401	45.0	8.9306	0	0.473	0.0003	2	0	1
401	401	402	55.0	8.9889	0	-0.628	0.106	2	0	1
402	402	403	45.0	8.8306	0	-0.995	0.1592	2	0	1
403	403	404	53.0	8.9111	0	0.416	0.3139	2	0	1
404	404	405	54.0	9.0000	0	-0.653	0.2741	2	0	1
405	405	406	47.0	9.5806	0	-0.213	0.212	2	0	1
406	406	407	48.0	10.0000	0	-0.296	0.1383	2	0	1
407	407	408	50.0	10.0000	0	-0.988	0.0139	2	0	1
408	408	409	50.0	9.7889	0	-0.634	0.0136	2	0	1
409	409	410	53.0	9.9889	0	-0.337	0.0675	2	0	1
410	410	411	45.0	10.7500	0	0.0	0.0574	2	0	1
411	411	412	54.0	10.9389	0	-0.204	0.161	2	0	1
412	412	413	56.0	11.2389	0	0.426	0.0993	2	0	1
413	413	414	48.0	11.5694	0	-0.852	0.1635	2	0	1
414	414	415	47.0	11.6500	0	-0.67	0.1521	2	0	1
415	415	416	47.0	11.8611	0	0.0	0.1828	2	0	1
416	416	417	49.0	12.1500	0	0.0	0.1703	2	0	1
417	417	418	49.0	12.3889	0	-0.368	0.1437	2	0	1
418	418	419	49.0	12.4694	0	0.0	0.1642	2	0	1
419	419	420	50.0	12.5389	0	1.001	0.2108	2	0	1
420	420	421	51.0	12.3611	0	-0.029	0.1507	2	0	1
421	421	422	49.0	12.1694	0	-0.48	0.1226	2	0	1
422	422	423	60.0	11.9389	0	0.438	0.2244	2	0	1
423	423	424	48.0	11.7389	0	0.649	0.1325	2	0	1
424	424	425	46.0	11.5611	0	0.12	0.0996	2	0	1
425	425	426	57.0	11.2389	0	0.697	0.202	2	0	1
426	426	427	44.0	10.8194	0	0.664	0.1965	2	0	1
427	427	428	51.0	10.2500	0	0.261	0.1751	2	0	1
428	428	429	52.0	10.0111	0	0.443	0.1644	2	0	1
429	429	430	50.0	9.9500	0	1.628	0.11	2	0	1
430	430	431	52.0	11.0306	0	-0.117	0.0053	2	0	1
431	431	432	46.0	11.5806	0	0.953	0.0224	2	0	1
432	432	433	60.0	12.1111	0	0.265	0.0056	2	0	1
433	433	434	50.0	12.5306	0	0.0	0.0023	2	0	1
434	434	435	52.0	13.3000	0	0.22	0.0578	2	0	1
435	435	436	41.0	13.8111	0	0.361	0.1514	2	0	1
436	436	437	58.0	14.8806	0	0.31	0.1553	2	0	1
437	437	438	46.0	15.4389	0	0.0	0.1698	2	0	1
438	438	439	47.0	15.8694	0	0.228	0.1454	2	0	1
439	439	440	49.0	16.0500	0	1.094	0.1758	2	0	1
440	440	441	63.0	15.4611	0	0.642	0.1733	2	0	1
441	441	442	46.0	15.1694	0	0.091	0.1883	2	0	1
442	442	443	44.0	14.6194	0	0.409	0.1571	2	0	1
443	443	444	59.0	14.5111	0	-0.058	0.1634	2	0	1
444	444	445	44.0	14.3889	0	0.246	0.1333	2	0	1
445	445	446	58.0	14.1194	0	0.0	0.1449	2	0	1
446	446	447	42.0	14.1806	0	-0.457	0.0113	2	0	1
447	447	448	57.0	14.0000	0	1.187	0.0047	2	0	1
448	448	449	42.0	13.8889	0	-0.988	0.0465	2	0	1
449	449	450	55.0	13.6000	0	0.608	0.0379	2	0	1
450	450	451	54.0	13.3806	0	-0.192	0.0211	2	0	1
451	451	452	39.0	13.1806	0	0.0	0.0448	2	0	1
452	452	453	53.0	12.9889	0	0.444	0.032	2	0	1
453	453	454	51.0	12.8111	0	0.705	0.0029	2	0	1
454	454	455	51.0	12.6611	0	-1.28	0.0048	2	0	1
455	455	456	50.0	12.4806	0	1.159	0.003	2	0	1
456	456	457	49.0	12.2500	0	-0.376	0.0023	2	0	1
457	457	458	48.0	12.0611	0	0.0	0.105	2	0	1
458	458	459	47.0	11.7889	0	0.721	0.0803	2	0	1
459	459	460	58.0	11.5611	0	-0.047	0.1221	2	0	1
460	460	461	45.0	11.3806	0	0.509	0.0033	2	0	1
461	461	462	46.0	11.2500	0	-1.281	0.0385	2	0	1
462	462	463	55.0	11.0306	0	0.859	0.017	2	0	1
463	463	464	50.0	9.3306	0	-0.197	0.0018	2	0	1
464	464	465	48.0	6.7500	0	-0.346	0.0464	2	0	1
465	465	466	54.0	3.8306	0	2.911	0.0643	2	0	1
466	466	467	45.0	6.5889	0	0.0	0.027	2	0	1
467	467	468	51.0	7.6500	0	0.0	0.0086	2	0	1
468	468	469	49.0	8.3306	0	0.0	0.0057	2	0	1
469	469	470	54.0	9.7500	0	0.0	0.0034	2	0	1
470	470	471	53.0	10.9306	0	0.0	0.0007	2	0	1
471	471	472	45.0	11.6694	0	0.0	0.0057	2	0	1
472	472	473	49.0	12.5500	0	0.0	0.0019	2	0	1
473	473	474	52.0	13.3611	0	3.678	0.0064	2	0	1
474	474	475	55.0	14.0500	0	-0.516	0.0022	2	0	1
475	475	476	43.0	14.4389	0	-0.031	0.025	2	0	1
476	476	477	60.0	14.9806	0	-0.112	0.0211	2	0	1
477	477	478	45.0	15.2306	0	0.0	0.0057	2	0	1
478	478	479	46.0	14.9500	0	0.288	0.0024	2	0	1
479	479	480	59.0	14.5500	0	0.319	0.0006	2	0	1
480	480	481	44.0	14.2806	0	0.745	0.0057	2	0	1
481	481	482	56.0	13.9111	0	1.254	0.0011	2	0	1
482	482	483	55.0	13.5694	0	0.069	0.0004	2	0	1
483	483	484	40.0	13.3000	0	0.619	0.0105	2	0	1
484	484	485	53.0	13.0694	0	0.178	0.0061	2	0	1
485	485	486	51.0	12.7889	0	-0.072	0.0075	2	0	1
486	486	487	51.0	12.5306	0	-0.182	0.003	2	0	1
487	487	488	50.0	12.3806	0	-0.244	0.0072	2	0	1
488	488	489	49.0	12.1389	0	1.039	0.0239	2	0	1
489	489	490	48.0	11.8889	0	0.167	0.0018	2	0	1
490	490	491	47.0	11.4500	0	0.0	0.0013	2	0	1
491	491	492	57.0	11.1194	0	0.386	0.0001	2	0	1
492	492	493	44.0	10.6694	0	0.519	0.0064	2	0	1
493	493	494	52.0	10.2500	0	-1.197	0.0083	2	0	1
494	494	495	50.0	9.6611	0	1.556	0.0073	2	0	1
495	495	496	47.0	9.2806	0	1.387	0.0106	2	0	1
496	496	497	56.0	9.4500	0	0.645	0.0241	2	0	1
497	497	498	48.0	9.5806	0	0.005	0.006	2	0	1
498	498	499	50.0	10.2889	0	-0.186	0.0028	2	0	1
499	499	500	43.0	11.4194	0	0.326	0.0104	2	0	1
500	500	501	62.0	12.7806	0	1.588	0.0174	2	0	1
501	501	502	40.0	13.8000	0	0.0	0.0168	2	0	1
502	502	503	58.0	15.1389	0	-0.017	0.0094	2	0	1
503	503	504	46.0	15.9611	0	0.0	0.0047	2	0	1
504	504	505	49.0	16.6111	0	0.682	0.0008	2	0	1
505	505	506	52.0	17.3000	0	-0.253	0.0043	2	0	1
506	506	507	53.0	17.8889	0	0.037	0.0	2	0	1
507	507	508	53.0	17.7000	0	-0.437	0.0071	2	0	1
508	508	509	36.0	17.4306	0	-0.272	0.0137	2	0	1
509	509	510	52.0	17.2111	0	0.898	0.0187	2	0	1
510	510	511	52.0	16.9611	0	0.758	0.0113	2	0	1
511	511	512	51.0	16.6306	0	1.55	0.0005	2	0	1
512	512	513	50.0	16.4389	0	0.0	0.0015	2	0	1
513	513	514	49.0	16.1889	0	1.033	0.0014	2	0	1
514	514	515	48.0	16.0694	0	0.098	0.001	2	0	1
515	515	516	48.0	15.7889	0	-0.085	0.0042	2	0	1
516	516	517	63.0	15.5500	0	0.0	0.0055	2	0	1
517	517	518	46.0	15.1889	0	0.297	0.0088	2	0	1
518	518	519	47.0	15.1611	0	0.0	0.0227	2	0	1
519	519	520	45.0	14.9500	0	0.223	0.0014	2	0	1
520	520	521	59.0	14.6694	0	0.418	0.0183	2	0	1
521	521	522	44.0	14.4306	0	0.127	0.0112	2	0	1
522	522	523	57.0	14.2306	0	0.376	0.0042	2	0	1
523	523	524	43.0	14.0389	0	0.542	0.0045	2	0	1
524	524	525	56.0	13.7694	0	-0.12	0.0079	2	0	1
525	525	526	42.0	13.6806	0	-0.238	0.0151	2	0	1
526	526	527	51.0	12.2806	0	0.218	0.0075	2	0	1
527	527	528	57.0	10.4611	0	1.1	0.002	2	0	1
528	528	529	47.0	8.1000	0	1.164	0.0039	2	0	1
529	529	530	46.0	3.2000	0	0.035	0.0387	2	0	1
530	530	531	50.0	5.7000	0	-2.468	0.0413	2	0	1
531	531	532	47.0	7.8611	0	-0.4	0.0335	2	0	1
532	532	533	59.0	10.8389	0	1.098	0.045	2	0	1
533	533	534	47.0	12.4889	0	0.034	0.0214	2	0	1
534	534	535	55.0	14.1306	0	0.409	0.0026	2	0	1
535	535	536	44.0	15.0389	0	0.0	0.0007	2	0	1
536	536	537	47.0	15.9611	0	0.312	0.0003	2	0	1
537	537	538	50.0	16.6889	0	-0.458	0.0088	2	0	1
538	538	539	51.0	17.3194	0	-0.106	0.0086	2	0	1
539	539	540	53.0	17.7694	0	0.389	0.0051	2	0	1
540	540	541	53.0	17.5806	0	0.796	0.0111	2	0	1
541	541	542	52.0	16.5000	0	0.494	0.0206	2	0	1
542	542	543	48.0	15.4500	0	-0.144	0.0339	2	0	1
543	543	544	45.0	14.9889	0	0.274	0.0474	2	0	1
544	544	545	60.0	14.8694	0	0.0	0.0095	2	0	1
545	545	546	45.0	14.7889	0	-0.274	0.0123	2	0	1
546	546	547	44.0	14.6806	0	-0.004	0.0036	2	0	1
547	547	548	59.0	14.6306	0	0.023	0.0016	2	0	1
548	548	549	44.0	14.6306	0	0.216	0.0289	2	0	1
549	549	550	44.0	14.8306	0	0.0	0.0168	2	0	1
550	550	551	61.0	15.6500	0	0.921	0.0018	2	0	1
551	551	552	48.0	16.5500	0	-0.593	0.0109	2	0	1
552	552	553	51.0	17.2000	0	0.601	0.0105	2	0	1
553	553	554	52.0	17.8000	0	0.0	0.0025	2	0	1
554	554	555	55.0	18.3306	0	-0.459	0.008	2	0	1
555	555	556	37.0	18.6806	0	0.092	0.0023	2	0	1
556	556	557	56.0	18.7000	0	0.01	0.0024	2	0	1
557	557	558	57.0	18.4889	0	-0.21	0.0074	2	0	1
558	558	559	37.0	18.3389	0	0.0	0.0007	2	0	1
559	559	560	54.0	18.0889	0	0.315	0.0104	2	0	1
560	560	561	55.0	17.9889	0	0.82	0.015	2	0	1
561	561	562	54.0	17.8306	0	0.164	0.0127	2	0	1
562	562	563	35.0	17.6500	0	0.099	0.0134	2	0	1
563	563	564	53.0	17.4694	0	-0.09	0.0126	2	0	1
564	564	565	53.0	17.3000	0	0.0	0.0034	2	0	1
565	565	566	52.0	17.1889	0	0.0	0.0023	2	0	1
566	566	567	52.0	17.0306	0	0.203	0.0005	2	0	1
567	567	568	50.0	16.8889	0	0.0	0.003	2	0	1
568	568	569	50.0	16.6806	0	0.694	0.0037	2	0	1
569	569	570	50.0	16.4000	0	0.0	0.0066	2	0	1
570	570	571	49.0	16.3306	0	0.0	0.0075	2	0	1
571	571	572	49.0	16.1694	0	-0.248	0.0023	2	0	1
572	572	573	49.0	16.2194	0	0.136	0.0074	2	0	1
573	573	574	49.0	16.2000	0	-0.188	0.0023	2	0	1
574	574	575	49.0	16.2111	0	0.0	0.0033	2	0	1
575	575	576	49.0	16.2500	0	0.0	0.0051	2	0	1
576	576	577	65.0	16.3389	0	-0.445	0.0007	2	0	1
577	577	578	49.0	16.4611	0	-0.254	0.002	2	0	1
578	578	579	49.0	16.4694	0	-0.057	0.0021	2	0	1
579	579	580	50.0	16.5611	0	0.0	0.0054	2	0	1
580	580	581	50.0	16.5194	0	-0.666	0.0033	2	0	1
581	581	582	49.0	16.4111	0	-0.135	0.0015	2	0	1
582	582	583	49.0	16.3806	0	-0.127	0.006	2	0	1
583	583	584	49.0	16.0694	0	-0.014	0.0	2	0	1
584	584	585	49.0	15.9194	0	-0.093	0.0028	2	0	1
585	585	586	47.0	15.6694	0	0.32	0.0003	2	0	1
586	586	587	47.0	15.4000	0	0.118	0.002	2	0	1
587	587	588	46.0	15.1000	0	0.658	0.0037	2	0	1
588	588	589	60.0	14.7194	0	0.0	0.0105	2	0	1
589	589	590	44.0	14.3389	0	1.052	0.0163	2	0	1
590	590	591	57.0	14.0694	0	0.522	0.0011	2	0	1
591	591	592	42.0	13.8611	0	0.384	0.0095	2	0	1
592	592	593	55.0	13.5306	0	0.162	0.0202	2	0	1
593	593	594	54.0	13.5000	0	0.608	0.0197	2	0	1
594	594	595	40.0	13.4306	0	-0.591	0.0143	2	0	1
595	595	596	54.0	13.3194	0	-0.153	0.0001	2	0	1
596	596	597	53.0	13.2611	0	0.0	0.0086	2	0	1
597	597	598	53.0	13.1306	0	0.333	0.0071	2	0	1
598	598	599	40.0	13.0611	0	-0.297	0.0207	2	0	1
599	599	600	51.0	12.9306	0	0.064	0.0137	2	0	1
600	600	601	52.0	12.7000	0	-0.083	0.0197	2	0	1
601	601	602	51.0	12.8000	0	-0.19	0.0161	2	0	1
602	602	603	51.0	12.7889	0	-0.057	0.0013	2	0	1
603	603	604	51.0	12.6500	0	0.17	0.0005	2	0	1
604	604	605	51.0	12.6694	0	0.778	0.0183	2	0	1
605	605	606	50.0	12.5694	0	0.764	0.0173	2	0	1
606	606	607	50.0	12.4694	0	0.0	0.0024	2	0	1
607	607	608	49.0	12.2806	0	-0.587	0.0038	2	0	1
608	608	609	50.0	12.1500	0	-0.215	0.0052	2	0	1
609	609	610	49.0	12.1611	0	-0.125	0.0073	2	0	1
610	610	611	48.0	11.8500	0	0.661	0.0169	2	0	1
611	611	612	48.0	11.7806	0	0.366	0.0025	2	0	1
612	612	613	49.0	12.1194	0	0.451	0.0192	2	0	1
613	613	614	50.0	13.1694	0	-0.112	0.0023	2	0	1
614	614	615	55.0	14.5694	0	-0.15	0.0062	2	0	1
615	615	616	46.0	15.6389	0	-0.046	0.0022	2	0	1
616	616	617	65.0	16.8111	0	0.099	0.0007	2	0	1
617	617	618	35.0	17.4111	0	0.0	0.0035	2	0	1
618	618	619	53.0	17.5500	0	0.366	0.0044	2	0	1
619	619	620	53.0	17.5111	0	-0.09	0.0101	2	0	1
620	620	621	53.0	17.4306	0	0.0	0.0094	2	0	1
621	621	622	52.0	17.3806	0	0.177	0.0011	2	0	1
622	622	623	52.0	17.2306	0	0.153	0.005	2	0	1
623	623	624	51.0	17.0389	0	0.011	0.0041	2	0	1
624	624	625	51.0	16.9000	0	-0.181	0.0173	2	0	1
625	625	626	50.0	16.7611	0	0.03	0.0152	2	0	1
626	626	627	49.0	16.5194	0	0.167	0.0031	2	0	1
627	627	628	50.0	16.1806	0	0.015	0.0102	2	0	1
628	628	629	48.0	15.9306	0	0.551	0.0217	2	0	1
629	629	630	49.0	15.9389	0	0.277	0.0113	2	0	1
630	630	631	48.0	15.7306	0	-0.699	0.0027	2	0	1
631	631	632	47.0	15.4000	0	0.238	0.0022	2	0	1
632	632	633	46.0	15.2389	0	0.285	0.0074	2	0	1
633	633	634	61.0	14.8889	0	0.134	0.0047	2	0	1
634	634	635	44.0	14.6389	0	0.236	0.0005	2	0	1
635	635	636	44.0	14.4694	0	0.002	0.0129	2	0	1
636	636	637	57.0	14.2111	0	0.121	0.0038	2	0	1
637	637	638	56.0	13.9000	0	0.381	0.0004	2	0	1
638	638	639	41.0	13.7500	0	0.0	0.0126	2	0	1
639	639	640	55.0	13.4611	0	0.0	0.0031	2	0	1
640	640	641	53.0	13.2000	0	0.0	0.0298	2	0	1
641	641	642	39.0	12.9889	0	-0.385	0.0298	2	0	1
642	642	643	52.0	12.7806	0	-0.024	0.0551	2	0	1
643	643	644	51.0	12.6306	0	0.219	0.0633	2	0	1
644	644	645	50.0	12.4194	0	0.0	0.0223	2	0	1
645	645	646	49.0	12.1806	0	0.141	0.0025	2	0	1
646	646	647	48.0	12.0111	0	0.401	0.0029	2	0	1
647	647	648	60.0	11.7889	0	0.745	0.0075	2	0	1
648	648	649	46.0	11.5694	0	0.409	0.0022	2	0	1
649	649	650	46.0	11.4389	0	-0.129	0.0021	2	0	1
650	650	651	56.0	10.5500	0	0.049	0.0066	2	0	1
651	651	652	48.0	8.6194	0	0.092	0.0136	2	0	1
652	652	653	45.0	6.3306	0	0.768	0.0085	2	0	1
653	653	654	51.0	3.2889	0	-0.09	0.0187	2	0	1
654	654	655	49.0	6.1500	0	-1.013	0.0197	2	0	1
655	655	656	49.0	7.8889	0	0.269	0.0134	2	0	1
656	656	657	54.0	9.9889	0	0.698	0.0159	2	0	1
657	657	658	43.0	11.4611	0	0.097	0.0115	2	0	1
658	658	659	50.0	13.2111	0	0.246	0.0103	2	0	1
659	659	660	56.0	14.5194	0	0.358	0.0213	2	0	1
660	660	661	45.0	15.3694	0	0.4	0.031	2	0	1
661	661	662	48.0	16.1111	0	-0.504	0.1326	2	0	1
662	662	663	50.0	16.7389	0	0.168	0.1007	2	0	1
663	663	664	50.0	16.9500	0	0.0	0.0969	2	0	1
664	664	665	51.0	16.8000	0	0.0	0.0882	2	0	1
665	665	666	51.0	16.6694	0	0.764	0.0552	2	0	1
666	666	667	49.0	16.4694	0	0.425	0.0063	2	0	1
667	667	668	50.0	16.2194	0	0.353	0.0046	2	0	1
668	668	669	48.0	16.0194	0	0.0	0.0072	2	0	1
669	669	670	48.0	15.7500	0	0.0	0.0145	2	0	1
670	670	671	63.0	15.4889	0	0.31	0.0034	2	0	1
671	671	672	46.0	15.3389	0	0.0	0.0084	2	0	1
672	672	673	46.0	15.1611	0	0.142	0.0014	2	0	1
673	673	674	45.0	15.0306	0	0.353	0.0062	2	0	1
674	674	675	60.0	14.8306	0	0.349	0.0045	2	0	1
675	675	676	44.0	14.6694	0	0.878	0.0021	2	0	1
676	676	677	58.0	14.5194	0	0.0	0.0013	2	0	1
677	677	678	43.0	14.3000	0	-0.112	0.001	2	0	1
678	678	679	57.0	14.0889	0	0.431	0.0041	2	0	1
679	679	680	42.0	13.9889	0	0.051	0.0105	2	0	1
680	680	681	56.0	14.1806	0	0.0	0.0003	2	0	1
681	681	682	43.0	14.3889	0	0.052	0.0005	2	0	1
682	682	683	58.0	14.5611	0	0.537	0.0045	2	0	1
683	683	684	44.0	14.6500	0	-0.403	0.0013	2	0	1
684	684	685	59.0	14.8000	0	0.068	0.0017	2	0	1
685	685	686	44.0	15.0000	0	0.298	0.0089	2	0	1
686	686	687	45.0	15.1000	0	0.208	0.0094	2	0	1
687	687	688	61.0	15.4000	0	0.521	0.0	2	0	1
688	688	689	48.0	16.0306	0	0.21	0.0017	2	0	1
689	689	690	49.0	16.4889	0	0.249	0.0039	2	0	1
690	690	691	48.0	16.1111	0	0.497	0.0036	2	0	1
691	691	692	48.0	15.8306	0	0.395	0.0016	2	0	1
692	692	693	48.0	15.5306	0	0.0	0.0106	2	0	1
693	693	694	46.0	15.2694	0	0.078	0.0138	2	0	1
694	694	695	61.0	15.0194	0	0.122	0.0022	2	0	1
695	695	696	44.0	14.8306	0	0.0	0.0175	2	0	1
696	696	697	60.0	14.6194	0	0.438	0.0068	2	0	1
697	697	698	43.0	14.4611	0	0.313	0.0081	2	0	1
698	698	699	44.0	14.3111	0	0.092	0.011	2	0	1
699	699	700	57.0	14.0889	0	0.16	0.0044	2	0	1
700	700	701	56.0	13.9000	0	-0.081	0.0035	2	0	1
701	701	702	40.0	12.9500	0	0.565	0.0352	2	0	1
702	702	703	48.0	11.2806	0	0.322	0.0554	2	0	1
703	703	704	51.0	9.2500	0	0.429	0.0767	2	0	1
704	704	705	48.0	6.6694	0	-0.025	0.0636	2	0	1
705	705	706	49.0	4.1111	0	0.708	0.0078	2	0	1
706	706	707	52.0	7.0889	0	0.232	0.0089	2	0	1
707	707	708	51.0	9.5806	0	-0.019	0.0022	2	0	1
708	708	709	53.0	11.0111	0	0.383	0.0089	2	0	1
709	709	710	46.0	11.8111	0	0.864	0.0092	2	0	1
710	710	711	49.0	12.4389	0	0.0	0.0006	2	0	1
711	711	712	52.0	13.1306	0	-0.097	0.0036	2	0	1
712	712	713	55.0	14.1111	0	0.444	0.0086	2	0	1
713	713	714	44.0	15.1389	0	0.301	0.0024	2	0	1
714	714	715	63.0	16.0000	0	-0.043	0.0002	2	0	1
715	715	716	47.0	15.8000	0	0.713	0.0012	2	0	1
716	716	717	48.0	15.7611	0	0.709	0.0056	2	0	1
717	717	718	47.0	15.5111	0	0.379	0.0195	2	0	1
718	718	719	46.0	15.2889	0	0.098	0.0135	2	0	1
719	719	720	61.0	15.0889	0	0.0	0.002	2	0	1
720	720	721	45.0	14.9111	0	0.123	0.01	2	0	1
721	721	722	45.0	14.7806	0	0.009	0.0135	2	0	1
722	722	723	44.0	14.5889	0	0.828	0.0061	2	0	1
723	723	724	57.0	14.2389	0	-0.538	0.0027	2	0	1
724	724	725	43.0	14.0000	0	0.684	0.0038	2	0	1
725	725	726	55.0	13.5889	0	0.913	0.0034	2	0	1
726	726	727	55.0	13.2889	0	0.152	0.0037	2	0	1
727	727	728	52.0	12.9111	0	0.491	0.0086	2	0	1
728	728	729	38.0	12.6306	0	0.386	0.0048	2	0	1
729	729	730	62.0	12.1000	0	0.889	0.0178	2	0	1
730	730	731	49.0	12.2194	0	0.0	0.0303	2	0	1
731	731	732	51.0	12.9889	0	0.447	0.0149	2	0	1
732	732	733	40.0	13.3694	0	0.34	0.0057	2	0	1
733	733	734	55.0	13.8889	0	0.0	0.0095	2	0	1
734	734	735	57.0	14.7306	0	0.239	0.002	2	0	1
735	735	736	46.0	15.3806	0	0.562	0.0056	2	0	1
736	736	737	47.0	15.9694	0	0.219	0.0004	2	0	1
737	737	738	47.0	15.6111	0	0.126	0.0008	2	0	1
738	738	739	61.0	15.3111	0	0.97	0.0063	2	0	1
739	739	740	45.0	15.1306	0	0.0	0.007	2	0	1
740	740	741	46.0	15.0500	0	0.073	0.0004	2	0	1
741	741	742	46.0	15.0111	0	0.0	0.0045	2	0	1
742	742	743	60.0	14.7306	0	0.109	0.0067	2	0	1
743	743	744	43.0	14.5889	0	0.053	0.0017	2	0	1
744	744	745	58.0	14.3111	0	0.262	0.0066	2	0	1
745	745	746	42.0	14.0500	0	-0.265	0.0067	2	0	1
746	746	747	56.0	13.8500	0	0.228	0.0055	2	0	1
747	747	748	55.0	13.6389	0	0.459	0.0622	2	0	1
748	748	749	41.0	13.4389	0	0.465	0.2205	2	0	1
749	749	750	53.0	13.1000	0	0.103	0.1713	2	0	1
750	750	751	52.0	12.8500	0	0.093	0.0628	2	0	1
751	751	752	50.0	12.4889	0	0.036	0.2397	2	0	1
752	752	753	50.0	12.3111	0	0.0	0.1942	2	0	1
753	753	754	49.0	12.1306	0	0.137	0.0496	2	0	1
754	754	755	48.0	11.9500	0	0.755	0.0137	2	0	1
755	755	756	47.0	11.6611	0	0.379	0.0064	2	0	1
756	756	757	46.0	11.4306	0	-0.221	0.0086	2	0	1
757	757	758	57.0	11.2194	0	0.104	0.0073	2	0	1
758	758	759	44.0	11.0389	0	1.835	0.001	2	0	1
759	759	760	55.0	10.8111	0	0.231	0.0043	2	0	1
760	760	761	54.0	10.6194	0	0.141	0.0017	2	0	1
761	761	762	52.0	10.3694	0	-0.215	0.0051	2	0	1
762	762	763	41.0	10.2111	0	0.0	0.0087	2	0	1
763	763	764	50.0	9.9694	0	0.098	0.0061	2	0	1
764	764	765	50.0	9.7389	0	1.564	0.0164	2	0	1
765	765	766	57.0	9.3889	0	-0.521	0.0692	2	0	1
766	766	767	47.0	9.1500	0	1.179	0.1436	2	0	1
767	767	768	55.0	9.0306	0	-0.557	0.1578	2	0	1
768	768	769	47.0	7.0194	0	-0.328	0.2031	2	0	1
769	769	770	47.0	2.8889	0	2.092	0.1662	2	0	1
770	770	771	51.0	6.4806	0	-0.184	0.1252	2	0	1
771	771	772	54.0	9.0194	0	0.841	0.134	2	0	1
772	772	773	49.0	10.4694	0	0.558	0.0493	2	0	1
773	773	774	44.0	11.2000	0	0.314	0.0068	2	0	1
774	774	775	56.0	11.0194	0	0.163	0.0038	2	0	1
775	775	776	43.0	10.7889	0	0.197	0.0078	2	0	1
776	776	777	54.0	10.4889	0	0.244	0.006	2	0	1
777	777	778	52.0	10.2000	0	0.511	0.0006	2	0	1
778	778	779	50.0	9.8306	0	0.522	0.002	2	0	1
779	779	780	48.0	9.3694	0	0.124	0.0053	2	0	1
780	780	781	46.0	8.9611	0	0.471	0.0022	2	0	1
781	781	782	55.0	9.8306	0	1.313	0.0085	2	0	1
782	782	783	44.0	11.7611	0	0.0	0.0009	2	0	1
783	783	784	51.0	13.4611	0	0.397	0.0058	2	0	1
784	784	785	57.0	14.6694	0	0.752	0.0041	2	0	1
785	785	786	46.0	15.4806	0	0.68	0.0017	2	0	1
786	786	787	47.0	16.0806	0	0.347	0.0173	2	0	1
787	787	788	50.0	16.8389	0	0.201	0.0202	2	0	1
788	788	789	51.0	17.4694	0	0.133	0.0075	2	0	1
789	789	790	53.0	17.3194	0	0.206	0.0148	2	0	1
790	790	791	51.0	16.9389	0	0.3	0.0278	2	0	1
791	791	792	50.0	16.7194	0	0.298	0.0994	2	0	1
792	792	793	50.0	16.4194	0	0.21	0.0872	2	0	1
793	793	794	49.0	16.1806	0	0.779	0.0995	2	0	1
794	794	795	48.0	15.9194	0	0.172	0.1074	2	0	1
795	795	796	47.0	15.5306	0	0.13	0.1061	2	0	1
796	796	797	61.0	15.2000	0	0.363	0.106	2	0	1
797	797	798	45.0	14.8611	0	0.074	0.1013	2	0	1
798	798	799	44.0	14.6306	0	0.0	0.0791	2	0	1
799	799	800	58.0	14.3806	0	0.312	0.0739	2	0	1
800	800	801	43.0	14.1389	0	-0.083	0.0089	2	0	1
801	801	802	56.0	13.8806	0	0.0	0.0051	2	0	1
802	802	803	55.0	13.6694	0	0.332	0.0054	2	0	1
803	803	804	41.0	13.6389	0	0.001	0.0056	2	0	1
804	804	805	57.0	14.4694	0	-0.041	0.0037	2	0	1
805	805	806	44.0	15.1611	0	0.377	0.0025	2	0	1
806	806	807	45.0	15.0694	0	0.331	0.0048	2	0	1
807	807	808	60.0	14.9306	0	0.386	0.001	2	0	1
808	808	809	45.0	14.7611	0	0.023	0.0007	2	0	1
809	809	810	44.0	14.5889	0	-0.218	0.0066	2	0	1
810	810	811	58.0	14.4389	0	0.222	0.0047	2	0	1
811	811	812	43.0	14.2306	0	0.096	0.0018	2	0	1
812	812	813	57.0	14.0611	0	0.423	0.0042	2	0	1
813	813	814	42.0	13.8111	0	0.0	0.0038	2	0	1
814	814	815	55.0	13.6889	0	0.0	0.0035	2	0	1
815	815	816	54.0	13.3111	0	0.106	0.0038	2	0	1
816	816	817	53.0	13.1111	0	0.033	0.0009	2	0	1
817	817	818	39.0	12.9000	0	-0.104	0.008	2	0	1
818	818	819	51.0	12.5000	0	0.581	0.0011	2	0	1
819	819	820	57.0	10.3889	0	0.347	0.0012	2	0	1
820	820	821	47.0	8.6194	0	0.205	0.0126	2	0	1
821	821	822	46.0	7.0194	0	0.764	0.0075	2	0	1
822	822	823	52.0	4.5889	0	0.529	0.0022	2	0	1
823	823	824	47.0	3.4194	0	2.371	0.0023	2	0	1
824	824	825	53.0	5.6889	0	0.0	0.0055	2	0	1
825	825	826	51.0	6.6306	0	0.0	0.0202	2	0	1
826	826	827	44.0	8.1694	0	0.0	0.0022	2	0	1
827	827	828	56.0	10.0000	0	0.0	0.0053	2	0	1
828	828	829	53.0	10.8889	0	0.0	0.016	2	0	1
829	829	830	45.0	11.5389	0	0.0	0.0155	2	0	1
830	830	831	47.0	11.6000	0	0.0	0.0054	2	0	1
831	831	832	57.0	11.1500	0	0.0	0.0025	2	0	1
832	832	833	45.0	10.8306	0	0.0	0.0163	2	0	1
833	833	834	53.0	10.5000	0	0.0	0.0996	2	0	1
834	834	835	42.0	10.2500	0	0.0	0.0924	2	0	1
835	835	836	49.0	9.7889	0	0.0	0.0964	2	0	1
836	836	837	58.0	9.2694	0	0.0	0.1002	2	0	1
837	837	838	46.0	8.9194	0	0.0	0.1046	2	0	1
838	838	839	53.0	8.6194	0	0.0	0.1043	2	0	1
839	839	840	51.0	8.2194	0	0.0	0.0779	2	0	1
840	840	841	48.0	7.7806	0	0.0	0.0148	2	0	1
841	841	842	45.0	7.1806	0	0.0	0.0313	2	0	1
842	842	843	57.0	6.8806	0	0.0	0.0105	2	0	1
843	843	844	47.0	6.4306	0	0.0	0.0102	2	0	1
844	844	845	50.0	6.1000	0	0.0	0.1619	2	0	1
845	845	846	46.0	5.4611	0	1.638	0.1653	2	0	1
846	846	847	52.0	4.8111	0	0.088	0.0137	2	0	1
847	847	848	47.0	4.6889	0	0.612	0.0044	2	0	1
848	848	849	49.0	5.0000	0	0.901	0.0062	2	0	1
849	849	850	50.0	4.8500	0	-0.701	0.0008	2	0	1
850	850	851	47.0	4.5111	0	0.175	0.0054	2	0	1
851	851	852	52.0	4.1306	0	0.996	0.0078	2	0	1
852	852	853	54.0	3.6806	0	-0.32	0.0188	2	0	1
853	853	854	47.0	4.9500	0	8.489	0.0826	2	0	1
854	854	855	52.0	6.0194	0	-3.494	0.0955	2	0	1
855	855	856	47.0	5.6500	0	4.972	0.0242	2	0	1
856	856	857	49.0	5.1000	0	0.248	0.0167	2	0	1
857	857	858	49.0	4.5500	0	0.233	0.0129	2	0	1
858	858	859	49.0	4.0111	0	0.142	0.148	2	0	1
859	859	860	51.0	4.9806	0	0.119	0.1096	2	0	1
860	860	861	46.0	5.8889	0	0.247	0.0722	2	0	1
861	861	862	51.0	5.3306	0	3.381	0.1229	2	0	1
862	862	863	50.0	4.6306	0	0.0	0.0021	2	0	1
863	863	864	48.0	6.1389	0	0.0	0.0033	2	0	1
864	864	865	54.0	8.8806	0	0.0	0.0016	2	0	1
865	865	866	51.0	11.2111	0	0.0	0.0041	2	0	1
866	866	867	48.0	12.7000	0	0.0	0.0005	2	0	1
867	867	868	54.0	13.9111	0	0.0	0.0035	2	0	1
868	868	869	43.0	14.6694	0	0.0	0.0072	2	0	1
869	869	870	61.0	15.5389	0	0.0	0.0098	2	0	1
870	870	871	48.0	16.0694	0	0.0	0.0057	2	0	1
871	871	872	49.0	16.5611	0	0.0	0.0061	2	0	1
872	872	873	50.0	16.7194	0	3.296	0.0036	2	0	1
873	873	874	49.0	16.4806	0	0.153	0.0094	2	0	1
874	874	875	50.0	16.2806	0	0.079	0.0024	2	0	1
875	875	876	49.0	16.0611	0	0.091	0.0102	2	0	1
876	876	877	47.0	15.8194	0	0.0	0.0016	2	0	1
877	877	878	47.0	15.5611	0	0.191	0.0032	2	0	1
878	878	879	61.0	15.3306	0	0.43	0.0021	2	0	1
879	879	880	46.0	15.2389	0	0.185	0.0002	2	0	1
880	880	881	45.0	15.0611	0	0.09	0.0042	2	0	1
881	881	882	44.0	14.8611	0	0.092	0.0061	2	0	1
882	882	883	60.0	14.6000	0	0.0	0.0026	2	0	1
883	883	884	43.0	14.4500	0	0.031	0.0019	2	0	1
884	884	885	57.0	14.1611	0	0.177	0.0044	2	0	1
885	885	886	43.0	14.0111	0	0.378	0.0039	2	0	1
886	886	887	56.0	13.6889	0	0.28	0.002	2	0	1
887	887	888	41.0	13.5111	0	0.137	0.0106	2	0	1
888	888	889	54.0	13.1889	0	0.174	0.0101	2	0	1
889	889	890	52.0	12.8306	0	0.521	0.0008	2	0	1
890	890	891	51.0	12.4611	0	0.202	0.0021	2	0	1
891	891	892	50.0	12.1611	0	0.188	0.012	2	0	1
892	892	893	48.0	11.7500	0	0.658	0.0327	2	0	1
893	893	894	46.0	11.3694	0	0.322	0.0371	2	0	1
894	894	895	56.0	10.9806	0	0.364	0.0429	2	0	1
895	895	896	54.0	10.7306	0	0.253	0.0768	2	0	1
896	896	897	44.0	11.4806	0	0.153	0.0275	2	0	1
897	897	898	48.0	12.4500	0	0.201	0.0186	2	0	1
898	898	899	50.0	12.4111	0	0.049	0.1308	2	0	1
899	899	900	49.0	12.0806	0	0.023	0.2016	2	0	1
900	900	901	49.0	11.9500	0	0.0	0.2144	2	0	1
901	901	902	59.0	11.6889	0	0.137	0.1755	2	0	1
902	902	903	46.0	11.1694	0	0.263	0.0566	2	0	1
903	903	904	45.0	11.1306	0	0.274	0.0039	2	0	1
904	904	905	56.0	10.8806	0	0.096	0.0367	2	0	1
905	905	906	54.0	10.5111	0	0.194	0.0736	2	0	1
906	906	907	40.0	9.9194	0	0.287	0.0853	2	0	1
907	907	908	51.0	10.0389	0	0.344	0.0542	2	0	1
908	908	909	53.0	11.2611	0	-0.034	0.0818	2	0	1
909	909	910	49.0	12.8500	0	0.169	0.0827	2	0	1
910	910	911	54.0	13.5306	0	0.233	0.0507	2	0	1
911	911	912	54.0	13.2000	0	0.349	0.0687	2	0	1
912	912	913	51.0	12.8306	0	0.536	0.0618	2	0	1
913	913	914	38.0	12.5306	0	5.27	0.0588	2	0	1
914	914	915	62.0	12.1694	0	-3.176	0.0179	2	0	1
915	915	916	49.0	11.8000	0	0.499	0.0165	2	0	1
916	916	917	47.0	11.2806	0	0.539	0.0076	2	0	1
917	917	918	54.0	10.7000	0	0.17	0.0742	2	0	1
918	918	919	43.0	10.6000	0	0.276	0.088	2	0	1
919	919	920	53.0	10.1806	0	0.103	0.0344	2	0	1
920	920	921	44.0	7.9500	0	0.102	0.0738	2	0	1
921	921	922	52.0	3.8694	0	3.476	0.1214	2	0	1
922	922	923	53.0	5.6611	0	0.59	0.1229	2	0	1
923	923	924	43.0	7.8000	0	-0.493	0.0358	2	0	1
924	924	925	55.0	9.6194	0	0.184	0.0173	2	0	1
925	925	926	50.0	12.1306	0	0.278	0.1379	2	0	1
926	926	927	52.0	13.4000	0	-0.274	0.1003	2	0	1
927	927	928	47.0	14.6111	0	0.076	0.0075	2	0	1
928	928	929	56.0	14.5194	0	0.256	0.0569	2	0	1
929	929	930	43.0	14.1889	0	0.151	0.0876	2	0	1
930	930	931	54.0	13.5611	0	0.39	0.0541	2	0	1
931	931	932	53.0	13.4389	0	0.567	0.0443	2	0	1
932	932	933	55.0	13.0694	0	0.648	0.0364	2	0	1
933	933	934	43.0	13.4306	0	0.151	0.0806	2	0	1
934	934	935	47.0	11.8694	0	0.122	0.023	2	0	1
935	935	936	59.0	11.6806	0	1.222	0.0235	2	0	1
936	936	937	43.0	11.0806	0	0.245	0.0709	2	0	1
937	937	938	55.0	10.9306	0	0.359	0.0192	2	0	1
938	938	939	46.0	10.3694	0	0.571	0.2441	2	0	1
939	939	940	46.0	9.6694	0	0.654	0.3148	2	0	1
940	940	941	57.0	9.7111	0	1.316	0.1003	2	0	1
941	941	942	49.0	10.4611	0	-0.169	0.0955	2	0	1
942	942	943	50.0	10.0611	0	0.168	0.2394	2	0	1
943	943	944	46.0	9.4194	0	0.239	0.1043	2	0	1
944	944	945	47.0	8.8111	0	0.941	0.0268	2	0	1
945	945	946	57.0	10.0889	0	0.208	0.0106	2	0	1
946	946	947	46.0	12.0111	0	0.166	0.0112	2	0	1
947	947	948	52.0	13.5500	0	0.216	0.0407	2	0	1
948	948	949	59.0	14.9611	0	0.79	0.0044	2	0	1
949	949	950	45.0	15.4000	0	0.245	0.0284	2	0	1
950	950	951	48.0	16.3389	0	0.459	0.0165	2	0	1
951	951	952	49.0	16.3389	0	0.335	0.0135	2	0	1
952	952	953	50.0	16.9500	0	0.328	0.0139	2	0	1
953	953	954	54.0	17.4694	0	0.045	0.0595	2	0	1
954	954	955	53.0	18.0806	0	0.466	0.0519	2	0	1
955	955	956	55.0	18.2500	0	0.49	0.0302	2	0	1
956	956	957	36.0	18.4194	0	0.0	0.0483	2	0	1
957	957	958	55.0	18.1111	0	0.462	0.076	2	0	1
958	958	959	55.0	17.8889	0	0.1	0.1135	2	0	1
959	959	960	53.0	17.6306	0	0.098	0.0699	2	0	1
960	960	961	52.0	16.9806	0	0.186	0.08	2	0	1
961	961	962	34.0	17.2389	0	0.0	0.1958	2	0	1
962	962	963	66.0	16.6694	0	0.194	0.0557	2	0	1
963	963	964	50.0	16.3611	0	0.203	0.0283	2	0	1
964	964	965	49.0	16.4194	0	0.413	0.0421	2	0	1
965	965	966	49.0	16.6000	0	0.385	0.0055	2	0	1
966	966	967	50.0	16.4889	0	0.548	0.0151	2	0	1
967	967	968	50.0	16.2806	0	0.252	0.051	2	0	1
968	968	969	49.0	16.1389	0	0.14	0.0826	2	0	1
969	969	970	49.0	16.2111	0	0.0	0.0366	2	0	1
970	970	971	48.0	16.4389	0	-0.042	0.0257	2	0	1
971	971	972	48.0	15.9694	0	-0.052	0.03	2	0	1
972	972	973	46.0	15.8611	0	-0.049	0.0635	2	0	1
973	973	974	48.0	15.8806	0	-0.028	0.0159	2	0	1
974	974	975	48.0	15.5000	0	0.0	0.033	2	0	1
975	975	976	62.0	15.3694	0	0.515	0.0131	2	0	1
976	976	977	45.0	14.7611	0	0.15	0.0214	2	0	1
977	977	978	44.0	14.8806	0	0.107	0.0169	2	0	1
978	978	979	59.0	14.4194	0	0.329	0.0416	2	0	1
979	979	980	44.0	14.1306	0	0.368	0.0174	2	0	1
980	980	981	58.0	14.1306	0	0.202	0.0266	2	0	1
981	981	982	41.0	13.8000	0	0.104	0.0252	2	0	1
982	982	983	54.0	13.6194	0	0.112	0.0335	2	0	1
983	983	984	53.0	13.2694	0	0.059	0.0398	2	0	1
984	984	985	40.0	13.1194	0	0.174	0.0145	2	0	1
985	985	986	52.0	12.8611	0	0.281	0.0265	2	0	1
986	986	987	51.0	12.6194	0	0.198	0.0745	2	0	1
987	987	988	51.0	12.6389	0	0.115	0.0763	2	0	1
988	988	989	49.0	12.0000	0	0.023	0.0482	2	0	1
989	989	990	49.0	12.0389	0	0.225	0.0147	2	0	1
990	990	991	48.0	11.8500	0	0.135	0.0545	2	0	1
991	991	992	59.0	11.7611	0	0.027	0.0225	2	0	1
992	992	993	48.0	11.7611	0	-0.023	0.0106	2	0	1
993	993	994	47.0	11.6389	0	-0.11	0.0436	2	0	1
994	994	995	58.0	11.5611	0	0.043	0.0248	2	0	1
995	995	996	42.0	9.9889	0	-0.027	0.0215	2	0	1
996	996	997	53.0	3.7306	0	-0.093	0.0166	2	0	1
997	997	998	47.0	5.6111	0	0.277	0.0157	2	0	1
998	998	999	54.0	8.7000	0	0.32	0.0533	2	0	1
999	999	1000	48.0	9.9306	0	0.408	0.0498	2	0	1
1000	1000	1001	48.0	11.8611	0	0.019	0.0064	2	0	1
1001	1001	1002	52.0	13.7694	0	0.047	0.0214	2	0	1
1002	1002	1003	43.0	14.8889	0	0.037	0.0543	2	0	1
1003	1003	1004	65.0	16.1611	0	0.0	0.0735	2	0	1
1004	1004	1005	49.0	16.8111	0	-0.144	0.0195	2	0	1
1005	1005	1006	36.0	17.5389	0	0.0	0.0059	2	0	1
1006	1006	1007	54.0	18.2000	0	0.0	0.0126	2	0	1
1007	1007	1008	54.0	18.6306	0	0.067	0.0228	2	0	1
1008	1008	1009	58.0	19.2611	0	-0.004	0.0017	2	0	1
1009	1009	1010	38.0	19.5694	0	0.024	0.0129	2	0	1
1010	1010	1011	61.0	20.0889	0	-0.015	0.0101	2	0	1
1011	1011	1012	41.0	20.4000	0	0.0	0.016	2	0	1
1012	1012	1013	61.0	20.7000	0	0.0	0.0323	2	0	1
1013	1013	1014	42.0	21.0111	0	0.0	0.0074	2	0	1
1014	1014	1015	42.0	21.1611	0	0.0	0.0192	2	0	1
1015	1015	1016	62.0	20.7611	0	0.0	0.0073	2	0	1
1016	1016	1017	40.0	20.7000	0	0.0	0.002	2	0	1
1017	1017	1018	62.0	20.4806	0	0.178	0.0177	2	0	1
1018	1018	1019	41.0	20.3000	0	0.0	0.0126	2	0	1
1019	1019	1020	60.0	20.1194	0	0.176	0.0384	2	0	1
1020	1020	1021	41.0	19.9694	0	0.0	0.0047	2	0	1
1021	1021	1022	59.0	19.8389	0	0.091	0.0152	2	0	1
1022	1022	1023	39.0	19.5389	0	-0.139	0.0146	2	0	1
1023	1023	1024	58.0	19.3389	0	0.478	0.0049	2	0	1
1024	1024	1025	39.0	19.0611	0	-0.231	0.0301	2	0	1
1025	1025	1026	56.0	18.9000	0	0.125	0.0209	2	0	1
1026	1026	1027	56.0	18.6111	0	0.0	0.0176	2	0	1
1027	1027	1028	37.0	18.4889	0	0.0	0.0434	2	0	1
1028	1028	1029	56.0	18.1806	0	0.213	0.0053	2	0	1
1029	1029	1030	53.0	17.8611	0	0.352	0.0169	2	0	1
1030	1030	1031	52.0	17.5889	0	0.199	0.0183	2	0	1
1031	1031	1032	35.0	17.4000	0	0.0	0.0293	2	0	1
1032	1032	1033	52.0	17.1389	0	-0.31	0.0443	2	0	1
1033	1033	1034	51.0	16.8389	0	0.415	0.0009	2	0	1
1034	1034	1035	49.0	16.6500	0	0.0	0.0062	2	0	1
1035	1035	1036	49.0	16.3500	0	0.0	0.0012	2	0	1
1036	1036	1037	49.0	16.1889	0	0.624	0.0037	2	0	1
1037	1037	1038	49.0	16.1694	0	0.118	0.0062	2	0	1
1038	1038	1039	65.0	15.6306	0	0.177	0.0067	2	0	1
1039	1039	1040	46.0	15.3111	0	0.361	0.0105	2	0	1
1040	1040	1041	45.0	15.1000	0	0.315	0.0027	2	0	1
1041	1041	1042	45.0	14.8611	0	1.314	0.0259	2	0	1
1042	1042	1043	59.0	14.6111	0	-0.289	0.021	2	0	1
1043	1043	1044	42.0	14.4194	0	-1.64	0.0257	2	0	1
1044	1044	1045	58.0	14.1889	0	3.292	0.0071	2	0	1
1045	1045	1046	43.0	14.0611	0	0.312	0.0012	2	0	1
1046	1046	1047	55.0	13.8500	0	0.036	0.008	2	0	1
1047	1047	1048	57.0	13.6889	0	2.455	0.0053	2	0	1
1048	1048	1049	40.0	13.4611	0	-1.772	0.0052	2	0	1
1049	1049	1050	54.0	13.4194	0	0.364	0.0643	2	0	1
1050	1050	1051	52.0	13.2694	0	-1.554	0.053	2	0	1
1051	1051	1052	39.0	13.0806	0	2.093	0.0069	2	0	1
1052	1052	1053	52.0	12.8111	0	0.592	0.0049	2	0	1
1053	1053	1054	49.0	12.0111	0	0.0	0.0075	2	0	1
1054	1054	1055	54.0	10.6306	0	-0.471	0.0204	2	0	1
1055	1055	1056	49.0	9.4694	0	0.357	0.0385	2	0	1
1056	1056	1057	45.0	8.3000	0	1.004	0.0174	2	0	1
1057	1057	1058	53.0	4.1500	0	1.952	0.0364	2	0	1
1058	1058	1059	48.0	3.7806	0	-2.487	0.0051	2	0	1
1059	1059	1060	49.0	4.2806	0	0.0	0.0085	2	0	1
1060	1060	1061	49.0	6.3111	0	0.0	0.0102	2	0	1
1061	1061	1062	50.0	7.4611	0	0.0	0.0064	2	0	1
1062	1062	1063	55.0	8.2000	0	0.0	0.0167	2	0	1
1063	1063	1064	51.0	8.6694	0	3.384	0.0164	2	0	1
1064	1064	1065	50.0	10.2694	0	0.0	0.0159	2	0	1
1065	1065	1066	55.0	11.2111	0	0.0	0.024	2	0	1
1066	1066	1067	48.0	12.2000	0	0.0	0.01	2	0	1
1067	1067	1068	53.0	13.8389	0	0.0	0.0305	2	0	1
1068	1068	1069	43.0	14.7194	0	0.0	0.0347	2	0	1
1069	1069	1070	45.0	15.3111	0	0.0	0.0161	2	0	1
1070	1070	1071	66.0	16.4694	0	0.0	0.0097	2	0	1
1071	1071	1072	37.0	17.0389	0	-0.307	0.046	2	0	1
1072	1072	1073	53.0	17.6111	0	0.453	0.0836	2	0	1
1073	1073	1074	52.0	18.0111	0	0.0	0.0366	2	0	1
1074	1074	1075	56.0	18.5500	0	0.133	0.0047	2	0	1
1075	1075	1076	37.0	18.8389	0	0.146	0.0	2	0	1
1076	1076	1077	57.0	19.0194	0	0.358	0.0143	2	0	1
1077	1077	1078	60.0	19.6694	0	0.0	0.0145	2	0	1
1078	1078	1079	38.0	19.8111	0	0.0	0.0206	2	0	1
1079	1079	1080	60.0	19.6611	0	0.111	0.0093	2	0	1
1080	1080	1081	39.0	19.5000	0	0.0	0.02	2	0	1
1081	1081	1082	58.0	19.1000	0	0.15	0.0132	2	0	1
1082	1082	1083	37.0	19.1306	0	0.006	0.035	2	0	1
1083	1083	1084	57.0	18.6389	0	0.312	0.0167	2	0	1
1084	1084	1085	56.0	18.5306	0	0.0	0.0011	2	0	1
1085	1085	1086	38.0	18.5389	0	-0.072	0.0308	2	0	1
1086	1086	1087	55.0	18.2111	0	0.508	0.0244	2	0	1
1087	1087	1088	54.0	18.2389	0	1.183	0.0178	2	0	1
1088	1088	1089	55.0	18.0611	0	0.109	0.039	2	0	1
1089	1089	1090	36.0	17.8694	0	-0.204	0.0228	2	0	1
1090	1090	1091	54.0	17.7806	0	-0.221	0.0175	2	0	1
1091	1091	1092	52.0	17.5306	0	0.051	0.0194	2	0	1
1092	1092	1093	52.0	17.3389	0	0.001	0.0227	2	0	1
1093	1093	1094	51.0	17.1111	0	-0.151	0.0287	2	0	1
1094	1094	1095	51.0	16.8889	0	0.576	0.0095	2	0	1
1095	1095	1096	50.0	16.6611	0	0.405	0.0036	2	0	1
1096	1096	1097	49.0	16.3000	0	0.505	0.0147	2	0	1
1097	1097	1098	48.0	16.1000	0	-0.207	0.038	2	0	1
1098	1098	1099	48.0	15.8000	0	1.669	0.0	2	0	1
1099	1099	1100	47.0	15.5806	0	0.517	0.015	2	0	1
1100	1100	1101	62.0	15.2306	0	0.532	0.027	2	0	1
1101	1101	1102	44.0	15.0694	0	0.0	0.0049	2	0	1
1102	1102	1103	44.0	14.7000	0	0.0	0.0835	2	0	1
1103	1103	1104	58.0	14.3694	0	0.0	0.0329	2	0	1
1104	1104	1105	43.0	14.1306	0	0.0	0.0971	2	0	1
1105	1105	1106	56.0	13.7611	0	0.98	0.0269	2	0	1
1106	1106	1107	54.0	13.4806	0	0.0	0.0119	2	0	1
1107	1107	1108	40.0	13.3111	0	0.0	0.0436	2	0	1
1108	1108	1109	54.0	13.1111	0	0.132	0.0041	2	0	1
1109	1109	1110	52.0	12.9500	0	0.225	0.0105	2	0	1
1110	1110	1111	52.0	12.6889	0	-0.159	0.0306	2	0	1
1111	1111	1112	50.0	12.5889	0	0.009	0.0137	2	0	1
1112	1112	1113	47.0	11.1611	0	0.334	0.0756	2	0	1
1113	1113	1114	48.0	8.5806	0	0.243	0.0234	2	0	1
1114	1114	1115	47.0	5.2389	0	0.557	0.0123	2	0	1
1115	1115	1116	50.0	2.2500	0	-1.372	0.0054	2	0	1
1116	1116	1117	50.0	5.8111	0	-0.323	0.0107	2	0	1
1117	1117	1118	59.0	9.4500	0	-3.03	0.0297	2	0	1
1118	1118	1119	42.0	10.9694	0	0.0	0.0381	2	0	1
1119	1119	1120	61.0	12.6694	0	0.0	0.0405	2	0	1
1120	1120	1121	40.0	13.9611	0	0.0	0.0178	2	0	1
1121	1121	1122	61.0	15.4806	0	0.0	0.0278	2	0	1
1122	1122	1123	49.0	16.3889	0	0.0	0.0306	2	0	1
1123	1123	1124	53.0	17.6389	0	0.0	0.0193	2	0	1
1124	1124	1125	36.0	17.4389	0	0.0	0.0446	2	0	1
1125	1125	1126	51.0	17.6500	0	0.0	0.0066	2	0	1
1126	1126	1127	54.0	17.7194	0	0.0	0.0206	2	0	1
1127	1127	1128	53.0	17.7806	0	0.0	0.0126	2	0	1
1128	1128	1129	53.0	17.8611	0	0.0	0.013	2	0	1
1129	1129	1130	36.0	17.8806	0	0.0	0.0237	2	0	1
1130	1130	1131	53.0	17.8389	0	-3.214	0.0482	2	0	1
1131	1131	1132	53.0	17.6500	0	-0.034	0.0461	2	0	1
1132	1132	1133	54.0	18.0000	0	0.0	0.0419	2	0	1
1133	1133	1134	53.0	17.9889	0	3.168	0.0068	2	0	1
1134	1134	1135	36.0	17.2389	0	0.0	0.0067	2	0	1
1135	1135	1136	49.0	16.3889	0	-0.819	0.0196	2	0	1
1136	1136	1137	62.0	14.8806	0	0.575	0.0153	2	0	1
1137	1137	1138	43.0	13.9389	0	0.0	0.0421	2	0	1
1138	1138	1139	54.0	13.4000	0	0.0	0.0154	2	0	1
1139	1139	1140	54.0	13.4694	0	-0.14	0.0087	2	0	1
1140	1140	1141	40.0	13.2611	0	0.009	0.0099	2	0	1
1141	1141	1142	55.0	13.5500	0	0.004	0.056	2	0	1
1142	1142	1143	55.0	13.5111	0	-0.178	0.0428	2	0	1
1143	1143	1144	41.0	13.3694	0	-0.449	0.0159	2	0	1
1144	1144	1145	52.0	13.0694	0	0.132	0.015	2	0	1
1145	1145	1146	52.0	12.8389	0	0.161	0.0127	2	0	1
1146	1146	1147	50.0	12.5111	0	0.529	0.0312	2	0	1
1147	1147	1148	49.0	12.2000	0	0.161	0.0027	2	0	1
1148	1148	1149	48.0	11.8389	0	0.255	0.0085	2	0	1
1149	1149	1150	57.0	11.3306	0	0.0	0.0336	2	0	1
1150	1150	1151	46.0	11.0694	0	0.0	0.0656	2	0	1
1151	1151	1152	54.0	10.7500	0	0.0	0.1686	2	0	1
1152	1152	1153	43.0	10.3389	0	0.0	0.0574	2	0	1
1153	1153	1154	51.0	10.1500	0	0.0	0.0639	2	0	1
1154	1154	1155	50.0	9.7389	0	0.318	0.028	2	0	1
1155	1155	1156	50.0	9.6889	0	0.73	0.012	2	0	1
1156	1156	1157	48.0	9.3806	0	-0.475	0.0366	2	0	1
1157	1157	1158	48.0	9.4500	0	0.124	0.01	2	0	1
1158	1158	1159	56.0	9.2000	0	0.084	0.0762	2	0	1
1159	1159	1160	45.0	6.1306	0	-0.639	0.0372	2	0	1
1160	1160	1161	49.0	3.6111	0	-0.076	0.0348	2	0	1
1161	1161	1162	49.0	4.9694	0	0.443	0.0687	2	0	1
1162	1162	1163	49.0	5.8000	0	0.259	0.1018	2	0	1
1163	1163	1164	51.0	6.8389	0	0.0	0.2789	2	0	1
1164	1164	1165	52.0	7.9306	0	0.0	0.2261	2	0	1
1165	1165	1166	51.0	9.0194	0	0.0	0.0289	2	0	1
1166	1166	1167	48.0	9.8500	0	0.0	0.0288	2	0	1
1167	1167	1168	48.0	9.4111	0	0.0	0.02	2	0	1
1168	1168	1169	54.0	8.7000	0	0.0	0.0088	2	0	1
1169	1169	1170	49.0	7.8806	0	0.0	0.0327	2	0	1
1170	1170	1171	48.0	7.4000	0	-0.625	0.0231	2	0	1
1171	1171	1172	47.0	6.8806	0	0.0	0.12	2	0	1
1172	1172	1173	49.0	8.5000	0	0.0	0.3078	2	0	1
1173	1173	1174	56.0	9.7806	0	0.0	0.2419	2	0	1
1174	1174	1175	53.0	10.7611	0	0.0	0.1612	2	0	1
1175	1175	1176	44.0	11.1000	0	0.0	0.1072	2	0	1
1176	1176	1177	59.0	11.9806	0	0.0	0.0108	2	0	1
1177	1177	1178	49.0	12.4389	0	0.0	0.0564	2	0	1
1178	1178	1179	50.0	12.5389	0	0.0	0.0367	2	0	1
1179	1179	1180	47.0	11.7194	0	0.0	0.0205	2	0	1
1180	1180	1181	47.0	11.3694	0	0.0	0.052	2	0	1
1181	1181	1182	55.0	10.8806	0	3.618	0.0149	2	0	1
1182	1182	1183	43.0	10.4694	0	0.0	0.0149	2	0	1
1183	1183	1184	51.0	9.9694	0	-0.423	0.0207	2	0	1
1184	1184	1185	58.0	9.7000	0	1.431	0.0	2	0	1
1185	1185	1186	50.0	10.6500	0	-0.073	0.0493	2	0	1
1186	1186	1187	44.0	11.3111	0	0.324	0.0374	2	0	1
1187	1187	1188	46.0	11.0194	0	0.568	0.0103	2	0	1
1188	1188	1189	55.0	10.7306	0	-0.32	0.006	2	0	1
1189	1189	1190	53.0	10.4000	0	-0.177	0.0126	2	0	1
1190	1190	1191	42.0	10.1194	0	0.018	0.0511	2	0	1
1191	1191	1192	50.0	9.8500	0	0.515	0.0744	2	0	1
1192	1192	1193	47.0	8.9889	0	0.242	0.034	2	0	1
1193	1193	1194	57.0	10.3611	0	0.85	0.0572	2	0	1
1194	1194	1195	45.0	11.8306	0	0.0	0.1721	2	0	1
1195	1195	1196	51.0	12.9000	0	-0.446	0.0883	2	0	1
1196	1196	1197	54.0	13.6500	0	0.111	0.1008	2	0	1
1197	1197	1198	53.0	13.4806	0	1.014	0.007	2	0	1
1198	1198	1199	40.0	13.3694	0	0.0	0.0303	2	0	1
1199	1199	1200	52.0	13.1611	0	-0.432	0.0099	2	0	1
1200	1200	1201	52.0	12.8306	0	1.263	0.0089	2	0	1
1201	1201	1202	51.0	12.5389	0	0.132	0.0035	2	0	1
1202	1202	1203	50.0	12.3389	0	-0.684	0.0122	2	0	1
1203	1203	1204	49.0	12.0111	0	0.0	0.0326	2	0	1
1204	1204	1205	48.0	11.7389	0	0.314	0.0628	2	0	1
1205	1205	1206	57.0	11.2694	0	0.237	0.0937	2	0	1
1206	1206	1207	45.0	11.0306	0	0.0	0.2283	2	0	1
1207	1207	1208	54.0	10.5306	0	1.141	0.1388	2	0	1
1208	1208	1209	51.0	10.2306	0	-0.904	0.105	2	0	1
1209	1209	1210	51.0	9.9611	0	-0.824	0.0144	2	0	1
1210	1210	1211	50.0	9.9000	0	0.227	0.0072	2	0	1
1211	1211	1212	50.0	9.6889	0	-0.276	0.0188	2	0	1
1212	1212	1213	48.0	9.5500	0	-0.919	0.1513	2	0	1
1213	1213	1214	47.0	9.3194	0	1.713	0.3661	2	0	1
1214	1214	1215	48.0	9.2306	0	0.287	0.2553	2	0	1
1215	1215	1216	57.0	9.0000	0	-0.509	0.0778	2	0	1
1216	1216	1217	44.0	8.8000	0	0.129	0.0867	2	0	1
1217	1217	1218	50.0	8.3111	0	-0.0	0.0289	2	0	1
1218	1218	1219	47.0	7.7806	0	2.3	0.0158	2	0	1
1219	1219	1220	49.0	8.0806	0	-0.997	0.0273	2	0	1
1220	1220	1221	55.0	9.7806	0	-0.179	0.0464	2	0	1
1221	1221	1222	54.0	10.8500	0	0.466	0.0229	2	0	1
1222	1222	1223	43.0	10.2611	0	0.171	0.1291	2	0	1
1223	1223	1224	48.0	9.4889	0	1.324	0.0174	2	0	1
1224	1224	1225	55.0	8.8389	0	1.368	0.0624	2	0	1
1225	1225	1226	47.0	7.9806	0	0.342	0.0357	2	0	1
1226	1226	1227	56.0	8.1000	0	-0.264	0.0204	2	0	1
1227	1227	1228	48.0	9.8000	0	-0.487	0.0563	2	0	1
1228	1228	1229	54.0	10.7694	0	0.696	0.0258	2	0	1
1229	1229	1230	46.0	11.6889	0	1.462	0.0231	2	0	1
1230	1230	1231	48.0	12.0000	0	0.0	0.0404	2	0	1
1231	1231	1232	47.0	11.5500	0	0.509	0.1779	2	0	1
1232	1232	1233	54.0	11.0000	0	0.627	0.1904	2	0	1
1233	1233	1234	52.0	10.5194	0	1.257	0.1741	2	0	1
1234	1234	1235	50.0	10.0194	0	-0.121	0.127	2	0	1
1235	1235	1236	48.0	8.4111	0	1.627	0.0529	2	0	1
1236	1236	1237	44.0	5.1889	0	0.075	0.0282	2	0	1
1237	1237	1238	53.0	4.0306	0	2.438	0.0113	2	0	1
1238	1238	1239	50.0	6.6389	0	1.657	0.0368	2	0	1
1239	1239	1240	47.0	8.6306	0	-0.508	0.0339	2	0	1
1240	1240	1241	51.0	10.1889	0	-0.062	0.0176	2	0	1
1241	1241	1242	56.0	11.9000	0	0.565	0.0096	2	0	1
1242	1242	1243	54.0	13.8111	0	0.691	0.0616	2	0	1
1243	1243	1244	43.0	14.9000	0	0.285	0.011	2	0	1
1244	1244	1245	47.0	15.6806	0	0.242	0.0235	2	0	1
1245	1245	1246	48.0	16.3111	0	-0.008	0.0374	2	0	1
1246	1246	1247	52.0	16.8694	0	0.956	0.0394	2	0	1
1247	1247	1248	52.0	17.4194	0	0.0	0.089	2	0	1
1248	1248	1249	53.0	17.8611	0	2.032	0.0206	2	0	1
1249	1249	1250	54.0	18.1889	0	0.0	0.0235	2	0	1
1250	1250	1251	37.0	18.5111	0	0.0	0.0409	2	0	1
1251	1251	1252	56.0	18.8694	0	0.921	0.0207	2	0	1
1252	1252	1253	58.0	18.9000	0	0.473	0.013	2	0	1
1253	1253	1254	38.0	18.8111	0	0.301	0.1188	2	0	1
1254	1254	1255	55.0	18.2500	0	0.342	0.115	2	0	1
1255	1255	1256	54.0	18.0306	0	0.844	0.1323	2	0	1
1256	1256	1257	54.0	17.7306	0	0.484	0.0938	2	0	1
1257	1257	1258	35.0	17.5000	0	-0.658	0.1304	2	0	1
1258	1258	1259	52.0	17.0500	0	0.0	0.1385	2	0	1
1259	1259	1260	51.0	16.8500	0	0.0	0.1247	2	0	1
1260	1260	1261	49.0	16.4389	0	0.167	0.1065	2	0	1
1261	1261	1262	49.0	16.3694	0	-0.194	0.133	2	0	1
1262	1262	1263	49.0	16.2500	0	0.18	0.0483	2	0	1
1263	1263	1264	64.0	15.9389	0	-0.53	0.0117	2	0	1
1264	1264	1265	46.0	15.2000	0	0.084	0.0683	2	0	1
1265	1265	1266	44.0	14.8000	0	-0.61	0.0641	2	0	1
1266	1266	1267	59.0	14.6111	0	0.565	0.1572	2	0	1
1267	1267	1268	43.0	14.4111	0	-0.609	0.1229	2	0	1
1268	1268	1269	57.0	13.5000	0	0.104	0.0709	2	0	1
1269	1269	1270	38.0	12.3194	0	1.169	0.0831	2	0	1
1270	1270	1271	56.0	10.1500	0	0.663	0.0204	2	0	1
1271	1271	1272	43.0	7.4389	0	-0.087	0.0085	2	0	1
1272	1272	1273	49.0	3.2889	0	2.416	0.0798	2	0	1
1273	1273	1274	57.0	7.3694	0	0.088	0.0232	2	0	1
1274	1274	1275	42.0	9.1500	0	0.777	0.0077	2	0	1
1275	1275	1276	59.0	10.5889	0	0.664	0.0287	2	0	1
1276	1276	1277	44.0	11.2111	0	-0.279	0.0033	2	0	1
1277	1277	1278	47.0	12.0389	0	0.887	0.0142	2	0	1
1278	1278	1279	62.0	12.2000	0	0.053	0.0217	2	0	1
1279	1279	1280	47.0	11.3000	0	1.369	0.0158	2	0	1
1280	1280	1281	44.0	10.3111	0	0.94	0.0091	2	0	1
1281	1281	1282	49.0	8.9889	0	0.59	0.0169	2	0	1
1282	1282	1283	50.0	8.0000	0	1.122	0.0035	2	0	1
1283	1283	1284	49.0	8.5111	0	1.465	0.0115	2	0	1
1284	1284	1285	54.0	9.6389	0	-0.537	0.0028	2	0	1
1285	1285	1286	52.0	10.7111	0	1.118	0.0136	2	0	1
1286	1286	1287	45.0	11.5389	0	0.352	0.0059	2	0	1
1287	1287	1288	47.0	12.1889	0	1.051	0.0094	2	0	1
1288	1288	1289	50.0	12.7194	0	0.154	0.0178	2	0	1
1289	1289	1290	51.0	12.9611	0	1.535	0.0073	2	0	1
1290	1290	1291	55.0	13.6500	0	0.0	0.0148	2	0	1
1291	1291	1292	54.0	13.2194	0	0.0	0.0222	2	0	1
1292	1292	1293	51.0	12.1306	0	0.13	0.0092	2	0	1
1293	1293	1294	46.0	11.0306	0	0.912	0.0068	2	0	1
1294	1294	1295	52.0	9.6806	0	0.685	0.0018	2	0	1
1295	1295	1296	44.0	8.3889	0	1.244	0.0028	2	0	1
1296	1296	1297	50.0	8.3306	0	-0.841	0.0082	2	0	1
1297	1297	1298	54.0	9.4111	0	0.052	0.0096	2	0	1
1298	1298	1299	50.0	10.3694	0	1.165	0.0112	2	0	1
1299	1299	1300	54.0	11.2611	0	0.442	0.0054	2	0	1
1300	1300	1301	48.0	12.2389	0	0.773	0.001	2	0	1
1301	1301	1302	51.0	13.0694	0	0.613	0.0081	2	0	1
1302	1302	1303	54.0	13.6889	0	-1.52	0.0002	2	0	1
1303	1303	1304	42.0	14.2306	0	-0.017	0.0004	2	0	1
1304	1304	1305	58.0	14.4694	0	0.134	0.0035	2	0	1
1305	1305	1306	42.0	13.8306	0	-0.126	0.0024	2	0	1
1306	1306	1307	53.0	13.0389	0	1.612	0.0033	2	0	1
1307	1307	1308	51.0	12.3306	0	-0.268	0.0142	2	0	1
1308	1308	1309	47.0	11.4194	0	0.077	0.0079	2	0	1
1309	1309	1310	44.0	10.6611	0	0.216	0.0013	2	0	1
1310	1310	1311	50.0	9.5500	0	-1.385	0.0014	2	0	1
1311	1311	1312	54.0	8.3000	0	-0.162	0.019	2	0	1
1312	1312	1313	49.0	8.3694	0	-0.513	0.0131	2	0	1
1313	1313	1314	54.0	9.1611	0	0.696	0.015	2	0	1
1314	1314	1315	47.0	9.5194	0	0.183	0.0106	2	0	1
1315	1315	1316	46.0	8.7389	0	-1.116	0.0167	2	0	1
1316	1316	1317	56.0	7.3389	0	1.099	0.0246	2	0	1
1317	1317	1318	48.0	6.4306	0	-0.213	0.0136	2	0	1
1318	1318	1319	51.0	6.1889	0	-0.064	0.008	2	0	1
1319	1319	1320	49.0	3.4694	0	-1.251	0.0064	2	0	1
1320	1320	1321	45.0	4.5500	0	1.208	0.3071	2	0	1
1321	1321	1322	48.0	6.2194	0	1.639	0.2978	2	0	1
1322	1322	1323	47.0	7.1889	0	0.03	0.0716	2	0	1
1323	1323	1324	54.0	7.8306	0	0.102	0.0545	2	0	1
1324	1324	1325	47.0	7.7694	0	0.619	0.0224	2	0	1
1325	1325	1326	47.0	7.6889	0	0.01	0.0338	2	0	1
1326	1326	1327	55.0	7.6194	0	-0.247	0.0969	2	0	1
1327	1327	1328	45.0	7.6000	0	-0.75	0.0857	2	0	1
1328	1328	1329	53.0	7.5194	0	0.086	0.0881	2	0	1
1329	1329	1330	46.0	7.6889	0	-0.515	0.063	2	0	1
1330	1330	1331	54.0	7.6611	0	-0.234	0.0183	2	0	1
1331	1331	1332	46.0	7.8389	0	-0.109	0.0085	2	0	1
1332	1332	1333	48.0	8.3000	0	-0.115	0.0212	2	0	1
1333	1333	1334	51.0	8.6500	0	0.127	0.0291	2	0	1
1334	1334	1335	53.0	9.5000	0	0.852	0.0311	2	0	1
1335	1335	1336	51.0	10.5806	0	-0.937	0.0128	2	0	1
1336	1336	1337	44.0	11.2194	0	0.0	0.0527	2	0	1
1337	1337	1338	58.0	11.8389	0	-0.003	0.028	2	0	1
1338	1338	1339	48.0	12.3111	0	-0.087	0.0394	2	0	1
1339	1339	1340	50.0	12.7111	0	0.245	0.0138	2	0	1
1340	1340	1341	52.0	13.0806	0	0.13	0.0276	2	0	1
1341	1341	1342	54.0	13.8194	0	0.049	0.0035	2	0	1
1342	1342	1343	43.0	14.0889	0	-0.235	0.0606	2	0	1
1343	1343	1344	57.0	14.4694	0	0.573	0.0288	2	0	1
1344	1344	1345	44.0	14.5694	0	0.29	0.0018	2	0	1
1345	1345	1346	43.0	14.3611	0	0.823	0.0432	2	0	1
1346	1346	1347	58.0	14.2806	0	0.263	0.0176	2	0	1
1347	1347	1348	42.0	14.1694	0	0.042	0.004	2	0	1
1348	1348	1349	56.0	14.1194	0	1.07	0.0184	2	0	1
1349	1349	1350	56.0	13.9889	0	-0.037	0.0157	2	0	1
1350	1350	1351	42.0	13.8611	0	-0.542	0.0347	2	0	1
1351	1351	1352	55.0	13.7611	0	-0.136	0.0564	2	0	1
1352	1352	1353	41.0	13.5889	0	0.966	0.0411	2	0	1
1353	1353	1354	53.0	13.3306	0	-0.061	0.0918	2	0	1
1354	1354	1355	52.0	13.0000	0	0.182	0.0186	2	0	1
1355	1355	1356	51.0	12.6306	0	0.146	0.0498	2	0	1
1356	1356	1357	50.0	12.2889	0	0.759	0.0382	2	0	1
1357	1357	1358	50.0	12.0694	0	0.253	0.0125	2	0	1
1358	1358	1359	48.0	12.2111	0	-0.142	0.0246	2	0	1
1359	1359	1360	49.0	12.5389	0	0.22	0.0363	2	0	1
1360	1360	1361	51.0	13.1111	0	-0.335	0.0079	2	0	1
1361	1361	1362	54.0	13.8694	0	0.287	0.0029	2	0	1
1362	1362	1363	57.0	14.7611	0	0.438	0.0109	2	0	1
1363	1363	1364	46.0	15.3389	0	0.579	0.0585	2	0	1
1364	1364	1365	47.0	15.8694	0	0.043	0.0585	2	0	1
1365	1365	1366	49.0	16.3500	0	0.0	0.0117	2	0	1
1366	1366	1367	49.0	16.7694	0	0.0	0.0034	2	0	1
1367	1367	1368	51.0	16.9389	0	0.43	0.0073	2	0	1
1368	1368	1369	51.0	16.6194	0	0.261	0.0576	2	0	1
1369	1369	1370	50.0	16.3194	0	0.0	0.0144	2	0	1
1370	1370	1371	48.0	15.9889	0	0.294	0.0056	2	0	1
1371	1371	1372	47.0	15.6611	0	0.38	0.0636	2	0	1
1372	1372	1373	62.0	15.3111	0	1.205	0.0797	2	0	1
1373	1373	1374	45.0	15.0806	0	0.246	0.0408	2	0	1
1374	1374	1375	45.0	14.7611	0	0.052	0.0048	2	0	1
1375	1375	1376	58.0	14.4500	0	-0.069	0.051	2	0	1
1376	1376	1377	42.0	14.1694	0	0.169	0.0573	2	0	1
1377	1377	1378	57.0	13.7806	0	0.969	0.0609	2	0	1
1378	1378	1379	54.0	13.4111	0	0.086	0.0567	2	0	1
1379	1379	1380	40.0	13.0389	0	0.097	0.0769	2	0	1
1380	1380	1381	51.0	12.5500	0	0.581	0.0005	2	0	1
1381	1381	1382	50.0	12.3194	0	1.144	0.0129	2	0	1
1382	1382	1383	50.0	12.4000	0	0.23	0.0364	2	0	1
1383	1383	1384	50.0	12.6111	0	0.531	0.0062	2	0	1
1384	1384	1385	52.0	12.9889	0	0.129	0.0225	2	0	1
1385	1385	1386	54.0	13.8694	0	0.245	0.012	2	0	1
1386	1386	1387	43.0	14.4611	0	0.486	0.0171	2	0	1
1387	1387	1388	46.0	15.0611	0	0.281	0.0003	2	0	1
1388	1388	1389	61.0	15.7500	0	0.226	0.0427	2	0	1
1389	1389	1390	48.0	16.1806	0	0.194	0.0513	2	0	1
1390	1390	1391	50.0	16.5306	0	0.462	0.0117	2	0	1
1391	1391	1392	50.0	16.7694	0	0.009	0.0228	2	0	1
1392	1392	1393	50.0	16.7806	0	0.05	0.0335	2	0	1
1393	1393	1394	50.0	16.5889	0	0.154	0.0014	2	0	1
1394	1394	1395	50.0	16.4389	0	0.155	0.0414	2	0	1
1395	1395	1396	49.0	16.2000	0	0.123	0.0209	2	0	1
1396	1396	1397	48.0	16.0889	0	0.151	0.0033	2	0	1
1397	1397	1398	48.0	15.9194	0	0.152	0.0001	2	0	1
1398	1398	1399	48.0	15.7611	0	0.185	0.0049	2	0	1
1399	1399	1400	62.0	15.4806	0	0.098	0.0021	2	0	1
1400	1400	1401	47.0	15.3111	0	0.098	0.0048	2	0	1
1401	1401	1402	46.0	15.1111	0	0.0	0.0302	2	0	1
1402	1402	1403	45.0	14.8389	0	-0.001	0.0174	2	0	1
1403	1403	1404	58.0	14.6306	0	0.456	0.0371	2	0	1
1404	1404	1405	43.0	14.5111	0	0.198	0.0642	2	0	1
1405	1405	1406	58.0	14.3611	0	0.157	0.0266	2	0	1
1406	1406	1407	43.0	14.3306	0	0.005	0.0052	2	0	1
1407	1407	1408	57.0	14.1889	0	0.076	0.0423	2	0	1
1408	1408	1409	43.0	14.0194	0	0.001	0.0649	2	0	1
1409	1409	1410	55.0	13.6500	0	0.198	0.1124	2	0	1
1410	1410	1411	42.0	13.5611	0	0.179	0.0028	2	0	1
1411	1411	1412	52.0	13.2000	0	0.423	0.0967	2	0	1
1412	1412	1413	52.0	12.9000	0	0.393	0.0332	2	0	1
1413	1413	1414	49.0	12.4889	0	0.36	0.0873	2	0	1
1414	1414	1415	57.0	10.6000	0	0.593	0.0951	2	0	1
1415	1415	1416	44.0	8.0000	0	-0.659	0.0571	2	0	1
1416	1416	1417	49.0	4.4611	0	0.693	0.0312	2	0	1
1417	1417	1418	48.0	4.3694	0	3.855	0.009	2	0	1
1418	1418	1419	54.0	7.2611	0	0.0	0.0259	2	0	1
1419	1419	1420	48.0	8.9889	0	0.0	0.0586	2	0	1
1420	1420	1421	50.0	10.3806	0	0.0	0.0306	2	0	1
1421	1421	1422	56.0	11.9194	0	-0.133	0.0709	2	0	1
1422	1422	1423	50.0	13.0806	0	0.134	0.0594	2	0	1
1423	1423	1424	56.0	14.1694	0	0.0	0.0405	2	0	1
1424	1424	1425	44.0	15.0000	0	0.0	0.0234	2	0	1
1425	1425	1426	46.0	15.6000	0	0.0	0.012	2	0	1
1426	1426	1427	48.0	16.1694	0	0.0	0.009	2	0	1
1427	1427	1428	50.0	16.6194	0	0.0	0.0046	2	0	1
1428	1428	1429	50.0	17.0694	0	0.0	0.0086	2	0	1
1429	1429	1430	53.0	17.5611	0	0.313	0.0201	2	0	1
1430	1430	1431	53.0	17.8889	0	0.203	0.0192	2	0	1
1431	1431	1432	55.0	18.1694	0	0.152	0.0197	2	0	1
1432	1432	1433	36.0	18.0889	0	0.0	0.0056	2	0	1
1433	1433	1434	54.0	17.9611	0	0.927	0.0088	2	0	1
1434	1434	1435	53.0	17.7500	0	0.0	0.0128	2	0	1
1435	1435	1436	53.0	17.6111	0	-0.024	0.0029	2	0	1
1436	1436	1437	52.0	17.3694	0	-0.476	0.0038	2	0	1
1437	1437	1438	52.0	17.2889	0	-0.048	0.0126	2	0	1
1438	1438	1439	52.0	17.1306	0	0.0	0.0229	2	0	1
1439	1439	1440	34.0	17.0194	0	0.0	0.0328	2	0	1
1440	1440	1441	51.0	16.8111	0	0.0	0.0077	2	0	1
1441	1441	1442	49.0	16.5000	0	-0.022	0.001	2	0	1
1442	1442	1443	64.0	16.1000	0	1.301	0.0285	2	0	1
1443	1443	1444	48.0	15.7806	0	-0.575	0.0448	2	0	1
1444	1444	1445	47.0	15.4389	0	0.326	0.0572	2	0	1
1445	1445	1446	46.0	15.1500	0	0.0	0.0093	2	0	1
1446	1446	1447	60.0	14.6889	0	-0.03	0.0868	2	0	1
1447	1447	1448	44.0	14.2389	0	-0.15	0.0541	2	0	1
1448	1448	1449	57.0	13.9806	0	0.234	0.0261	2	0	1
1449	1449	1450	42.0	13.7611	0	1.513	0.0164	2	0	1
1450	1450	1451	57.0	13.8806	0	1.047	0.0088	2	0	1
1451	1451	1452	41.0	14.0694	0	-0.382	0.0188	2	0	1
1452	1452	1453	58.0	14.4611	0	0.24	0.0535	2	0	1
1453	1453	1454	43.0	14.2500	0	0.728	0.005	2	0	1
1454	1454	1455	55.0	13.7389	0	-0.147	0.0047	2	0	1
1455	1455	1456	42.0	13.4194	0	0.808	0.0166	2	0	1
1456	1456	1457	51.0	12.3611	0	0.111	0.0066	2	0	1
1457	1457	1458	54.0	10.5806	0	1.382	0.0314	2	0	1
1458	1458	1459	51.0	9.5306	0	0.429	0.0131	2	0	1
1459	1459	1460	44.0	8.9306	0	-0.299	0.0723	2	0	1
1460	1460	1461	55.0	9.5306	0	1.554	0.0168	2	0	1
1461	1461	1462	51.0	10.6694	0	0.03	0.0519	2	0	1
1462	1462	1463	45.0	11.5194	0	0.0	0.0011	2	0	1
1463	1463	1464	49.0	12.4194	0	1.256	0.05	2	0	1
1464	1464	1465	53.0	13.5806	0	0.417	0.0111	2	0	1
1465	1465	1466	56.0	14.6611	0	0.229	0.0242	2	0	1
1466	1466	1467	45.0	15.1806	0	0.128	0.0606	2	0	1
1467	1467	1468	46.0	15.0194	0	0.275	0.0772	2	0	1
1468	1468	1469	59.0	14.9000	0	-0.319	0.0367	2	0	1
1469	1469	1470	44.0	14.7500	0	-0.359	0.0214	2	0	1
1470	1470	1471	59.0	14.6389	0	0.0	0.0486	2	0	1
1471	1471	1472	44.0	14.6389	0	0.085	0.0427	2	0	1
1472	1472	1473	44.0	14.5389	0	-0.216	0.0376	2	0	1
1473	1473	1474	58.0	14.4611	0	-0.552	0.0327	2	0	1
1474	1474	1475	43.0	14.4694	0	0.0	0.012	2	0	1
1475	1475	1476	58.0	14.5111	0	0.088	0.0136	2	0	1
1476	1476	1477	44.0	14.6500	0	-0.721	0.0019	2	0	1
1477	1477	1478	44.0	14.7694	0	-0.196	0.007	2	0	1
1478	1478	1479	59.0	14.7389	0	-0.807	0.0126	2	0	1
1479	1479	1480	44.0	14.6389	0	0.0	0.0283	2	0	1
1480	1480	1481	53.0	12.8111	0	0.019	0.0249	2	0	1
1481	1481	1482	47.0	11.0000	0	-0.294	0.0075	2	0	1
1482	1482	1483	50.0	9.6194	0	-1.158	0.0116	2	0	1
1483	1483	1484	47.0	9.5389	0	0.735	0.0576	2	0	1
1484	1484	1485	58.0	9.5194	0	-0.722	0.0674	2	0	1
1485	1485	1486	48.0	9.5000	0	-0.043	0.0144	2	0	1
1486	1486	1487	56.0	9.2694	0	0.498	0.1581	2	0	1
1487	1487	1488	46.0	9.0889	0	-0.506	0.0823	2	0	1
1488	1488	1489	45.0	8.7806	0	-0.144	0.1117	2	0	1
1489	1489	1490	51.0	8.2694	0	-0.113	0.0723	2	0	1
1490	1490	1491	55.0	7.6389	0	0.068	0.0233	2	0	1
1491	1491	1492	50.0	6.9389	0	0.826	0.3013	2	0	1
1492	1492	1493	48.0	7.2806	0	-0.216	0.2997	2	0	1
1493	1493	1494	53.0	7.7306	0	-0.09	0.003	2	0	1
1494	1494	1495	49.0	8.3194	0	0.728	0.0089	2	0	1
1495	1495	1496	51.0	8.3194	0	1.371	0.2543	2	0	1
1496	1496	1497	47.0	7.6194	0	1.534	0.2054	2	0	1
1497	1497	1498	50.0	6.8889	0	0.482	0.2597	2	0	1
1498	1498	1499	46.0	6.2000	0	-0.717	0.0268	2	0	1
1499	1499	1500	52.0	5.3694	0	1.402	0.0019	2	0	1
1500	1500	1501	52.0	4.1306	0	1.976	0.0715	2	0	1
1501	1501	1502	49.0	2.8500	0	-0.091	0.2879	2	0	1
1502	1502	1503	43.0	1.4194	0	1.035	0.1691	2	0	1
