This is the node file of route1
1503	1	1
1	518914.1283526	4567510.3747561	1	0	ND
2	518950.2425454	4567532.9271031	0	0	ND
3	518995.5195114	4567565.7391569	0	0	ND
4	519040.5495821	4567590.3024079	0	0	ND
5	519082.2188732	4567612.1483524	0	0	ND
6	519129.7997121	4567634.9203998	0	0	ND
7	519175.4004600	4567655.5782509	0	0	ND
8	519219.5224444	4567674.6338627	0	0	ND
9	519262.4097578	4567694.8299349	0	0	ND
10	519308.1439948	4567715.4112667	0	0	ND
11	519354.1305811	4567735.5050913	0	0	ND
12	519402.1226354	4567757.3808019	0	0	ND
13	519449.3568348	4567780.6202962	0	0	ND
14	519486.6404089	4567803.3227779	0	0	ND
15	519532.7987702	4567827.6922961	0	0	ND
16	519577.3852271	4567853.9673472	0	0	ND
17	519619.8686803	4567877.1729772	0	0	ND
18	519671.8095016	4567903.3907329	0	0	ND
19	519710.8965016	4567918.5279941	0	0	ND
20	519758.7268030	4567934.3552935	0	0	ND
21	519813.8615690	4567947.0499526	0	0	ND
22	519857.9415795	4567958.7490215	0	0	ND
23	519915.4952044	4567972.0505380	0	0	ND
24	519957.4516821	4567982.1235741	0	0	ND
25	520006.5193912	4567995.4136474	0	0	ND
26	520051.0587853	4568007.3815910	0	0	ND
27	520097.7200801	4568021.3872529	0	0	ND
28	520149.2095971	4568037.1717299	0	0	ND
29	520196.2173437	4568049.9578144	0	0	ND
30	520249.6192053	4568064.7047664	0	0	ND
31	520297.3475716	4568077.2825827	0	0	ND
32	520350.2482416	4568091.3849881	0	0	ND
33	520390.9397424	4568101.0462384	0	0	ND
34	520440.6298201	4568112.8866909	0	0	ND
35	520490.6963983	4568124.8284583	0	0	ND
36	520537.0517576	4568136.8600105	0	0	ND
37	520580.8966984	4568147.9411258	0	0	ND
38	520631.0358384	4568160.7166849	0	0	ND
39	520680.4808862	4568173.0243525	0	0	ND
40	520729.5140279	4568185.7863481	0	0	ND
41	520777.0043715	4568196.0908243	0	0	ND
42	520827.6650391	4568207.8700918	0	0	ND
43	520876.2263239	4568221.4310421	0	0	ND
44	520923.9462699	4568233.3024605	0	0	ND
45	520968.6758355	4568245.1211689	0	0	ND
46	521020.0408181	4568256.4375446	0	0	ND
47	521065.5043885	4568266.3383995	0	0	ND
48	521113.4407175	4568278.4892310	0	0	ND
49	521166.3484337	4568292.0203322	0	0	ND
50	521216.9372163	4568305.0343855	0	0	ND
51	521262.5846952	4568314.8704031	0	0	ND
52	521312.6674998	4568326.0740896	0	0	ND
53	521365.6335333	4568339.4735976	0	0	ND
54	521405.6674522	4568349.6603871	0	0	ND
55	521462.2221595	4568361.7167669	0	0	ND
56	521505.8555793	4568369.7610220	0	0	ND
57	521554.6655794	4568380.5851648	0	0	ND
58	521600.6303701	4568390.4464537	0	0	ND
59	521657.9841801	4568406.7919414	0	0	ND
60	521712.1237812	4568422.2956731	0	0	ND
61	521747.9451035	4568431.9611116	0	0	ND
62	521804.5564220	4568444.2978706	0	0	ND
63	521845.0832986	4568457.2972647	0	0	ND
64	521902.8402017	4568472.9465021	0	0	ND
65	521940.2674663	4568485.9815055	0	0	ND
66	521991.9797492	4568508.8292585	0	0	ND
67	522040.9057615	4568536.1206764	0	0	ND
68	522070.8353145	4568554.8620653	0	0	ND
69	522115.9445394	4568586.5830512	0	0	ND
70	522158.2585942	4568625.6339567	0	0	ND
71	522183.4147562	4568652.0990866	0	0	ND
72	522218.9371646	4568693.2500528	0	0	ND
73	522254.4308168	4568735.4557611	0	0	ND
74	522286.4743408	4568777.2958277	0	0	ND
75	522316.6120248	4568820.4956903	0	0	ND
76	522347.6693186	4568861.4115798	0	0	ND
77	522368.8348950	4568888.6089208	0	0	ND
78	522397.7489961	4568929.0188713	0	0	ND
79	522423.6898347	4568972.0175498	0	0	ND
80	522458.9185187	4569023.2601753	0	0	ND
81	522486.7723634	4569062.2240146	0	0	ND
82	522512.9547101	4569102.6371015	0	0	ND
83	522538.7717244	4569141.9278937	0	0	ND
84	522564.6099264	4569179.6979283	0	0	ND
85	522589.2048083	4569218.5965613	0	0	ND
86	522622.2246668	4569268.3566421	0	0	ND
87	522647.2332934	4569305.9800832	0	0	ND
88	522670.5166688	4569343.5094245	0	0	ND
89	522702.7113388	4569388.9598934	0	0	ND
90	522734.6789248	4569434.5874270	0	0	ND
91	522757.6929400	4569466.9206665	0	0	ND
92	522787.4743013	4569512.4416883	0	0	ND
93	522815.4417604	4569554.0715843	0	0	ND
94	522845.0485861	4569598.9373106	0	0	ND
95	522871.9736296	4569641.6077119	0	0	ND
96	522899.8261570	4569679.5296477	0	0	ND
97	522927.3386820	4569718.9493405	0	0	ND
98	522954.3032634	4569756.7576785	0	0	ND
99	522986.2932777	4569804.8732001	0	0	ND
100	523011.5924590	4569842.1214159	0	0	ND
101	523042.2821545	4569885.4260807	0	0	ND
102	523065.8665446	4569921.8697447	0	0	ND
103	523094.7851456	4569963.6147975	0	0	ND
104	523122.7754863	4570004.8463444	0	0	ND
105	523155.4057721	4570051.0663030	0	0	ND
106	523180.3805072	4570089.7240060	0	0	ND
107	523206.8371706	4570128.3976296	0	0	ND
108	523235.1983538	4570171.1073287	0	0	ND
109	523267.0451852	4570218.3244542	0	0	ND
110	523291.4896700	4570254.8382468	0	0	ND
111	523322.0438432	4570297.5553248	0	0	ND
112	523351.4782888	4570342.0229984	0	0	ND
113	523379.7895714	4570384.1003349	0	0	ND
114	523406.4337367	4570426.2945384	0	0	ND
115	523433.3687375	4570463.8937058	0	0	ND
116	523459.5749415	4570501.4906258	0	0	ND
117	523491.7438140	4570549.2093938	0	0	ND
118	523519.5897878	4570589.6649582	0	0	ND
119	523545.9269808	4570627.9065222	0	0	ND
120	523573.7385304	4570668.4621067	0	0	ND
121	523603.1785913	4570707.6797904	0	0	ND
122	523636.4799129	4570746.4771855	0	0	ND
123	523673.1918409	4570781.7999268	0	0	ND
124	523708.9192861	4570813.3450894	0	0	ND
125	523746.5307155	4570847.3722509	0	0	ND
126	523785.6214696	4570877.0193014	0	0	ND
127	523828.9633546	4570907.3465964	0	0	ND
128	523870.0015138	4570935.3352443	0	0	ND
129	523906.5536441	4570962.5988696	0	0	ND
130	523948.8565704	4570990.2812825	0	0	ND
131	523989.6812910	4571024.3092105	0	0	ND
132	524026.2236843	4571054.2489135	0	0	ND
133	524061.3835882	4571086.9041327	0	0	ND
134	524099.6212560	4571120.5355717	0	0	ND
135	524136.7676399	4571152.3762268	0	0	ND
136	524174.5702166	4571185.7068795	0	0	ND
137	524206.5800018	4571213.5009197	0	0	ND
138	524248.1329308	4571249.3756294	0	0	ND
139	524285.4382397	4571280.8734394	0	0	ND
140	524320.1405387	4571311.9852796	0	0	ND
141	524355.6366951	4571345.9752787	0	0	ND
142	524388.0677202	4571380.0661882	0	0	ND
143	524423.2045223	4571416.1535341	0	0	ND
144	524461.3420834	4571448.6653149	0	0	ND
145	524501.6523247	4571484.8148668	0	0	ND
146	524534.2377879	4571519.8950146	0	0	ND
147	524566.4377236	4571554.9962131	0	0	ND
148	524602.4255851	4571591.4425783	0	0	ND
149	524638.4518245	4571623.8704530	0	0	ND
150	524677.8005908	4571661.5386756	0	0	ND
151	524711.0620243	4571689.3947469	0	0	ND
152	524746.1731758	4571724.7286947	0	0	ND
153	524777.4573168	4571762.6586626	0	0	ND
154	524807.6996694	4571806.4579989	0	0	ND
155	524830.7597496	4571847.3575930	0	0	ND
156	524852.7859616	4571894.2708372	0	0	ND
157	524869.2981253	4571940.1550318	0	0	ND
158	524884.1143153	4571994.7149730	0	0	ND
159	524889.9596808	4572043.1383006	0	0	ND
160	524894.0096004	4572090.2121840	0	0	ND
161	524896.9527836	4572140.1909220	0	0	ND
162	524898.7456277	4572186.2579329	0	0	ND
163	524899.5150511	4572242.6904113	0	0	ND
164	524901.2436967	4572295.2627962	0	0	ND
165	524905.1602780	4572346.9767527	0	0	ND
166	524910.8040101	4572390.5924071	0	0	ND
167	524922.6464224	4572450.2046500	0	0	ND
168	524934.4761446	4572491.4990940	0	0	ND
169	524951.7074271	4572539.5064235	0	0	ND
170	524968.8873800	4572578.0216797	0	0	ND
171	524995.3545452	4572627.6928126	0	0	ND
172	525023.7098132	4572671.0758923	0	0	ND
173	525055.5911783	4572711.4182810	0	0	ND
174	525083.9260184	4572743.5444206	0	0	ND
175	525118.0115075	4572775.7127544	0	0	ND
176	525166.7244646	4572819.0224934	0	0	ND
177	525191.8532788	4572841.1908438	0	0	ND
178	525241.3579786	4572882.8496869	0	0	ND
179	525277.1276680	4572911.7607370	0	0	ND
180	525311.1756511	4572942.2091048	0	0	ND
181	525346.1665846	4572971.0289755	0	0	ND
182	525391.7475028	4573009.1559397	0	0	ND
183	525424.9635637	4573037.8589784	0	0	ND
184	525469.1323304	4573075.0267508	0	0	ND
185	525501.5202860	4573103.3830916	0	0	ND
186	525543.3160110	4573139.1108762	0	0	ND
187	525573.2949750	4573166.7929730	0	0	ND
188	525608.1422554	4573204.8946534	0	0	ND
189	525640.8136585	4573245.1203543	0	0	ND
190	525669.8225659	4573286.5211487	0	0	ND
191	525694.1691972	4573327.7834546	0	0	ND
192	525716.8495129	4573369.1287620	0	0	ND
193	525744.9122599	4573419.7964518	0	0	ND
194	525766.0766611	4573458.8607003	0	0	ND
195	525791.7740011	4573506.0120529	0	0	ND
196	525814.9965984	4573549.9019053	0	0	ND
197	525837.8804331	4573592.4695282	0	0	ND
198	525860.6289369	4573633.0051321	0	0	ND
199	525885.9326306	4573679.8778964	0	0	ND
200	525909.3639388	4573723.6022896	0	0	ND
201	525935.5202220	4573770.6226019	0	0	ND
202	525958.8717572	4573813.0812849	0	0	ND
203	525982.6380484	4573858.8498449	0	0	ND
204	526007.1202444	4573903.2888448	0	0	ND
205	526029.5719616	4573944.3568334	0	0	ND
206	526054.7979348	4573991.2854568	0	0	ND
207	526077.0437286	4574035.9387213	0	0	ND
208	526097.7262363	4574079.9980506	0	0	ND
209	526113.6705946	4574128.8918622	0	0	ND
210	526124.9892892	4574172.3070233	0	0	ND
211	526137.9079148	4574222.2890866	0	0	ND
212	526153.0200937	4574269.6923735	0	0	ND
213	526168.2957793	4574318.1176455	0	0	ND
214	526183.4449532	4574364.4331694	0	0	ND
215	526200.8087011	4574413.9318154	0	0	ND
216	526213.4573855	4574461.9147536	0	0	ND
217	526224.4279181	4574506.4057133	0	0	ND
218	526236.9197114	4574560.6606174	0	0	ND
219	526248.1266275	4574606.8177371	0	0	ND
220	526258.4113222	4574658.0117339	0	0	ND
221	526270.3646819	4574705.9589768	0	0	ND
222	526282.0174217	4574749.0536952	0	0	ND
223	526294.7915382	4574796.7486183	0	0	ND
224	526304.5847578	4574847.1415954	0	0	ND
225	526311.8085265	4574902.1769110	0	0	ND
226	526322.9547497	4574946.3245434	0	0	ND
227	526334.2708453	4574996.6675879	0	0	ND
228	526345.6197807	4575044.8348319	0	0	ND
229	526358.0974324	4575097.8576601	0	0	ND
230	526367.7377110	4575141.7334710	0	0	ND
231	526377.7648713	4575189.6517414	0	0	ND
232	526393.0816945	4575239.6097760	0	0	ND
233	526411.3208667	4575284.4161636	0	0	ND
234	526434.4958007	4575327.2866626	0	0	ND
235	526460.7134904	4575366.3937331	0	0	ND
236	526489.5388006	4575410.9058702	0	0	ND
237	526516.5952651	4575451.6037644	0	0	ND
238	526546.0199690	4575487.6254817	0	0	ND
239	526588.0107712	4575526.6130958	0	0	ND
240	526619.8815865	4575557.1709133	0	0	ND
241	526658.2261886	4575593.0481840	0	0	ND
242	526689.9164875	4575627.0249971	0	0	ND
243	526721.4122349	4575670.5820585	0	0	ND
244	526743.5499834	4575714.7708880	0	0	ND
245	526758.9583014	4575759.3457469	0	0	ND
246	526772.5309756	4575806.9779605	0	0	ND
247	526786.2669803	4575857.9191340	0	0	ND
248	526797.9784775	4575901.8809544	0	0	ND
249	526811.0208829	4575950.2107090	0	0	ND
250	526822.9154587	4575998.8915072	0	0	ND
251	526836.7538133	4576046.8467994	0	0	ND
252	526847.5491289	4576098.5432661	0	0	ND
253	526854.8469452	4576147.9176446	0	0	ND
254	526860.2287310	4576197.2405373	0	0	ND
255	526865.0260536	4576246.2060182	0	0	ND
256	526871.4346053	4576298.3969869	0	0	ND
257	526877.0591901	4576349.8745493	0	0	ND
258	526881.2363078	4576394.5413697	0	0	ND
259	526886.4331451	4576443.9968403	0	0	ND
260	526895.9096723	4576494.5672541	0	0	ND
261	526913.3824007	4576539.0280486	0	0	ND
262	526938.8668943	4576582.1753089	0	0	ND
263	526970.4535976	4576624.4905020	0	0	ND
264	527004.1649382	4576662.3508266	0	0	ND
265	527036.4180346	4576703.0146320	0	0	ND
266	527069.1525082	4576742.3814728	0	0	ND
267	527096.4579981	4576776.9100178	0	0	ND
268	527133.7103473	4576820.6015249	0	0	ND
269	527164.5884296	4576857.1864241	0	0	ND
270	527197.5196380	4576897.2651165	0	0	ND
271	527223.3575711	4576930.1566939	0	0	ND
272	527262.3962366	4576976.7531552	0	0	ND
273	527293.6038100	4577014.3612265	0	0	ND
274	527325.8844912	4577053.5166277	0	0	ND
275	527358.1789599	4577093.3605413	0	0	ND
276	527388.8254884	4577133.0540604	0	0	ND
277	527420.9082809	4577171.1655846	0	0	ND
278	527451.3786918	4577208.5828439	0	0	ND
279	527481.6887411	4577244.0790172	0	0	ND
280	527512.0864354	4577280.6525287	0	0	ND
281	527549.8946346	4577326.4354974	0	0	ND
282	527577.8967083	4577361.4015397	0	0	ND
283	527604.4124307	4577393.3645518	0	0	ND
284	527638.2172422	4577435.6245978	0	0	ND
285	527672.6520950	4577477.0989822	0	0	ND
286	527705.5364687	4577517.0133621	0	0	ND
287	527737.2297088	4577555.4801074	0	0	ND
288	527768.2836436	4577592.5901286	0	0	ND
289	527798.7370656	4577629.1428961	0	0	ND
290	527828.1815707	4577664.7482720	0	0	ND
291	527864.8879114	4577708.8634461	0	0	ND
292	527896.1921334	4577747.9844251	0	0	ND
293	527921.7891091	4577778.8349267	0	0	ND
294	527957.9379279	4577821.8826693	0	0	ND
295	527992.2989701	4577864.1909801	0	0	ND
296	528016.9363344	4577894.2054910	0	0	ND
297	528051.1289221	4577932.3058507	0	0	ND
298	528087.9350984	4577967.2191714	0	0	ND
299	528125.4052374	4577999.0822569	0	0	ND
300	528174.3884507	4578034.5206272	0	0	ND
301	528213.6489279	4578059.6967315	0	0	ND
302	528252.0909156	4578084.4701982	0	0	ND
303	528297.6765513	4578113.5126339	0	0	ND
304	528336.4991198	4578137.0779404	0	0	ND
305	528376.2767189	4578162.3568755	0	0	ND
306	528418.4739408	4578187.0238088	0	0	ND
307	528462.7262907	4578214.4301054	0	0	ND
308	528501.6369542	4578240.8498257	0	0	ND
309	528546.8819180	4578266.6840838	0	0	ND
310	528594.9230701	4578289.7319884	0	0	ND
311	528642.2489834	4578309.5356546	0	0	ND
312	528682.4969925	4578325.3482850	0	0	ND
313	528742.6395924	4578340.3851071	0	0	ND
314	528792.5319796	4578343.5360734	0	0	ND
315	528839.7976861	4578344.6008951	0	0	ND
316	528885.4739734	4578341.4854036	0	0	ND
317	528929.5376354	4578335.8325479	0	0	ND
318	528988.3507533	4578325.4762010	0	0	ND
319	529030.3909096	4578313.3990058	0	0	ND
320	529083.1050132	4578295.0256914	0	0	ND
321	529122.3482556	4578279.6183623	0	0	ND
322	529171.1482129	4578259.1206207	0	0	ND
323	529217.0069229	4578239.9657825	0	0	ND
324	529264.5995042	4578222.3724855	0	0	ND
325	529310.5735605	4578207.9147804	0	0	ND
326	529356.7074709	4578197.4102685	0	0	ND
327	529407.1881255	4578189.7657416	0	0	ND
328	529463.5864867	4578187.4411794	0	0	ND
329	529508.9231112	4578187.9474247	0	0	ND
330	529557.3250402	4578193.7065145	0	0	ND
331	529620.7976038	4578206.3772936	0	0	ND
332	529666.4314490	4578220.0858355	0	0	ND
333	529709.3684919	4578238.6351286	0	0	ND
334	529750.3388801	4578259.3858800	0	0	ND
335	529789.6677265	4578282.6058367	0	0	ND
336	529836.9876740	4578317.3381918	0	0	ND
337	529869.5723326	4578344.9826933	0	0	ND
338	529910.5065795	4578384.3853294	0	0	ND
339	529936.8664254	4578416.2786891	0	0	ND
340	529968.9087206	4578461.6177698	0	0	ND
341	529996.4274019	4578506.4498076	0	0	ND
342	530015.4560605	4578539.0458731	0	0	ND
343	530047.3757846	4578589.4916674	0	0	ND
344	530072.2676714	4578632.1482661	0	0	ND
345	530100.6314951	4578678.6050996	0	0	ND
346	530122.0230307	4578714.0200409	0	0	ND
347	530149.2076670	4578758.2629079	0	0	ND
348	530176.2395190	4578802.9604239	0	0	ND
349	530203.0782009	4578845.7588231	0	0	ND
350	530228.4518345	4578886.7860238	0	0	ND
351	530253.4736277	4578925.8690238	0	0	ND
352	530289.6348062	4578971.3044953	0	0	ND
353	530322.2958444	4579003.5698008	0	0	ND
354	530367.2974338	4579032.9338260	0	0	ND
355	530412.7314025	4579050.8539168	0	0	ND
356	530459.8040830	4579060.9099489	0	0	ND
357	530504.2736162	4579063.4393679	0	0	ND
358	530555.1696373	4579059.3239077	0	0	ND
359	530602.7844762	4579051.8421900	0	0	ND
360	530653.5031462	4579044.2073752	0	0	ND
361	530705.9407689	4579035.5810235	0	0	ND
362	530754.1430072	4579027.7253202	0	0	ND
363	530806.1747191	4579018.2320231	0	0	ND
364	530855.5437502	4579009.4493906	0	0	ND
365	530901.7214407	4579001.7747834	0	0	ND
366	530955.1211172	4578993.2542446	0	0	ND
367	530999.3137594	4578986.2712024	0	0	ND
368	531060.8560580	4578976.8092857	0	0	ND
369	531107.9718331	4578966.9862408	0	0	ND
370	531160.6337436	4578958.9858346	0	0	ND
371	531194.9178816	4578953.3269440	0	0	ND
372	531245.6565986	4578943.2983381	0	0	ND
373	531296.6758414	4578936.1355828	0	0	ND
374	531345.4001798	4578931.6499222	0	0	ND
375	531395.2204745	4578932.9201098	0	0	ND
376	531458.4365520	4578940.8321556	0	0	ND
377	531504.1245188	4578949.8786932	0	0	ND
378	531548.6723690	4578963.3391115	0	0	ND
379	531591.4122103	4578980.9107303	0	0	ND
380	531645.0959260	4579005.2914026	0	0	ND
381	531684.8965253	4579023.5390700	0	0	ND
382	531723.8013992	4579041.9162626	0	0	ND
383	531774.8032452	4579065.4091249	0	0	ND
384	531823.4570386	4579088.3147469	0	0	ND
385	531859.3658019	4579105.0364474	0	0	ND
386	531905.7722531	4579125.3349113	0	0	ND
387	531950.3128204	4579145.7364731	0	0	ND
388	532005.3779644	4579171.1584064	0	0	ND
389	532046.8849602	4579190.8588621	0	0	ND
390	532086.8021612	4579208.7651173	0	0	ND
391	532136.7527640	4579231.1457131	0	0	ND
392	532183.4205535	4579252.5129148	0	0	ND
393	532227.4079119	4579272.8360297	0	0	ND
394	532269.6768021	4579292.0970858	0	0	ND
395	532317.5446667	4579314.2587367	0	0	ND
396	532359.4028656	4579333.6073068	0	0	ND
397	532406.5989147	4579356.2550385	0	0	ND
398	532452.7746959	4579376.9445786	0	0	ND
399	532497.9933870	4579398.3850565	0	0	ND
400	532545.6510814	4579418.6155564	0	0	ND
401	532587.0810593	4579436.2094320	0	0	ND
402	532636.6939554	4579460.4682170	0	0	ND
403	532675.3563468	4579483.3568617	0	0	ND
404	532716.4781334	4579517.2033024	0	0	ND
405	532752.6041564	4579557.1223664	0	0	ND
406	532780.2910503	4579595.1827433	0	0	ND
407	532805.7595973	4579635.4757815	0	0	ND
408	532832.2463819	4579678.0161137	0	0	ND
409	532858.5638787	4579720.9332468	0	0	ND
410	532884.4918294	4579766.6908071	0	0	ND
411	532907.5849765	4579804.9306981	0	0	ND
412	532939.0989303	4579848.8486996	0	0	ND
413	532974.2429455	4579892.5835200	0	0	ND
414	533007.0038407	4579926.9598439	0	0	ND
415	533041.5008957	4579958.3356105	0	0	ND
416	533078.5622086	4579986.6813167	0	0	ND
417	533119.6128741	4580013.0915008	0	0	ND
418	533162.9835682	4580036.8480703	0	0	ND
419	533208.1600948	4580057.0161484	0	0	ND
420	533255.7746553	4580072.5217803	0	0	ND
421	533304.8354196	4580084.4706499	0	0	ND
422	533353.1751195	4580093.1525664	0	0	ND
423	533413.0887373	4580096.4481930	0	0	ND
424	533461.2044396	4580095.6376421	0	0	ND
425	533507.5488432	4580092.6654467	0	0	ND
426	533563.2731329	4580083.1979254	0	0	ND
427	533605.9700794	4580071.4944484	0	0	ND
428	533653.8123081	4580053.9754845	0	0	ND
429	533700.6208204	4580032.1999852	0	0	ND
430	533744.5440253	4580008.7016561	0	0	ND
431	533790.3965690	4579984.0135735	0	0	ND
432	533830.4167138	4579961.8964140	0	0	ND
433	533882.6108611	4579933.2529081	0	0	ND
434	533926.4287773	4579909.2777962	0	0	ND
435	533972.5194850	4579885.7909804	0	0	ND
436	534010.3042503	4579869.7704002	0	0	ND
437	534065.3373564	4579851.2886945	0	0	ND
438	534110.1981492	4579840.5308991	0	0	ND
439	534156.2661736	4579832.7321848	0	0	ND
440	534204.7838610	4579828.6644711	0	0	ND
441	534267.5545509	4579829.4937820	0	0	ND
442	534313.0590928	4579834.7825949	0	0	ND
443	534356.2417942	4579842.9249939	0	0	ND
444	534412.9702604	4579858.6590576	0	0	ND
445	534454.0819035	4579873.1536300	0	0	ND
446	534506.9777744	4579896.2974281	0	0	ND
447	534545.8286408	4579913.0354621	0	0	ND
448	534597.9417894	4579935.3435553	0	0	ND
449	534637.1566733	4579951.0735436	0	0	ND
450	534687.5596575	4579972.3749417	0	0	ND
451	534737.9489208	4579992.9883071	0	0	ND
452	534773.9940416	4580008.6261420	0	0	ND
453	534822.4530217	4580028.8089681	0	0	ND
454	534869.9014352	4580048.6542019	0	0	ND
455	534916.6979349	4580068.3633862	0	0	ND
456	534963.0264025	4580087.9595991	0	0	ND
457	535008.0690631	4580107.0725175	0	0	ND
458	535051.5795943	4580128.2210724	0	0	ND
459	535093.4114204	4580150.5829815	0	0	ND
460	535142.7713356	4580181.2081847	0	0	ND
461	535180.7169228	4580204.6619640	0	0	ND
462	535219.1830155	4580229.3729969	0	0	ND
463	535266.0383319	4580258.9099957	0	0	ND
464	535308.4915234	4580285.6170604	0	0	ND
465	535349.3999102	4580310.0742462	0	0	ND
466	535394.6340238	4580339.1601068	0	0	ND
467	535432.9353369	4580363.0721483	0	0	ND
468	535476.2624840	4580390.3728905	0	0	ND
469	535517.6376720	4580416.6096437	0	0	ND
470	535562.7718452	4580445.3408203	0	0	ND
471	535607.0969149	4580473.5798214	0	0	ND
472	535645.3353382	4580498.0922041	0	0	ND
473	535686.2913540	4580524.2945709	0	0	ND
474	535729.9906479	4580552.0538716	0	0	ND
475	535776.3992734	4580581.4588049	0	0	ND
476	535812.6591643	4580605.0630608	0	0	ND
477	535863.0013099	4580637.0636562	0	0	ND
478	535901.2064878	4580661.1886803	0	0	ND
479	535939.9118719	4580685.5717356	0	0	ND
480	535989.5789919	4580716.8815562	0	0	ND
481	536026.3323107	4580740.2006998	0	0	ND
482	536073.8138657	4580770.2901281	0	0	ND
483	536120.1612865	4580799.6747954	0	0	ND
484	536153.5200403	4580821.0570346	0	0	ND
485	536198.3657204	4580849.6242749	0	0	ND
486	536241.6534843	4580876.9627875	0	0	ND
487	536284.6996521	4580904.0561100	0	0	ND
488	536327.3798055	4580930.7037783	0	0	ND
489	536368.3557364	4580956.9656823	0	0	ND
490	536408.4647606	4580982.6239592	0	0	ND
491	536448.0152204	4581007.8910830	0	0	ND
492	536495.7504844	4581038.3842763	0	0	ND
493	536532.4322643	4581061.9832251	0	0	ND
494	536576.1912651	4581089.8923518	0	0	ND
495	536618.5257620	4581116.6732468	0	0	ND
496	536658.2524904	4581141.5205543	0	0	ND
497	536705.3932830	4581171.8234138	0	0	ND
498	536745.7085776	4581197.5623520	0	0	ND
499	536787.6151068	4581224.3975937	0	0	ND
500	536823.8192453	4581247.8290912	0	0	ND
501	536876.0782206	4581280.9790041	0	0	ND
502	536909.7983545	4581302.7774051	0	0	ND
503	536959.0296958	4581334.2805109	0	0	ND
504	536998.0517786	4581359.1150211	0	0	ND
505	537039.2906635	4581385.3377267	0	0	ND
506	537082.8205319	4581413.1488825	0	0	ND
507	537127.0834668	4581441.4303458	0	0	ND
508	537171.9865669	4581470.3592862	0	0	ND
509	537202.3064585	4581489.6325753	0	0	ND
510	537245.8082271	4581517.7887480	0	0	ND
511	537289.4031737	4581545.6459116	0	0	ND
512	537332.1478160	4581572.9438603	0	0	ND
513	537374.5252247	4581600.0514374	0	0	ND
514	537415.9524863	4581626.5104428	0	0	ND
515	537456.5462170	4581652.4102792	0	0	ND
516	537497.0069174	4581678.1098223	0	0	ND
517	537550.2834098	4581712.1803249	0	0	ND
518	537589.3272207	4581736.8849695	0	0	ND
519	537628.4177606	4581762.2006835	0	0	ND
520	537666.2499283	4581786.6663158	0	0	ND
521	537716.3098162	4581818.3677097	0	0	ND
522	537753.0091323	4581841.9064374	0	0	ND
523	537801.4002848	4581872.8003887	0	0	ND
524	537837.4002296	4581895.6697809	0	0	ND
525	537884.3594793	4581925.2467781	0	0	ND
526	537919.3497052	4581947.6450199	0	0	ND
527	537962.5570598	4581975.0935092	0	0	ND
528	538010.8635294	4582005.8552189	0	0	ND
529	538050.0611265	4582030.9295697	0	0	ND
530	538089.1302296	4582054.9487662	0	0	ND
531	538131.5514126	4582082.2054152	0	0	ND
532	538171.7940016	4582107.1416111	0	0	ND
533	538221.2859935	4582139.4763878	0	0	ND
534	538261.1659395	4582164.8885651	0	0	ND
535	538307.1112388	4582194.2520623	0	0	ND
536	538344.0237629	4582217.8615831	0	0	ND
537	538383.2690544	4582242.9713312	0	0	ND
538	538424.8541299	4582269.8256280	0	0	ND
539	538467.9400302	4582297.3875677	0	0	ND
540	538512.4929307	4582325.7236101	0	0	ND
541	538557.5473910	4582354.0070912	0	0	ND
542	538601.7550948	4582381.0984246	0	0	ND
543	538643.1842816	4582405.5329181	0	0	ND
544	538682.4024450	4582427.5133904	0	0	ND
545	538734.8587219	4582456.5702601	0	0	ND
546	538774.1544864	4582478.0076510	0	0	ND
547	538812.9419619	4582499.0872688	0	0	ND
548	538864.6662893	4582527.2530066	0	0	ND
549	538903.1989244	4582548.9867709	0	0	ND
550	538941.8500399	4582570.4105226	0	0	ND
551	538995.1873569	4582600.0402518	0	0	ND
552	539037.6819662	4582623.3170585	0	0	ND
553	539081.9584849	4582647.8693698	0	0	ND
554	539127.7270964	4582673.1738558	0	0	ND
555	539175.9557060	4582699.5688425	0	0	ND
556	539208.4883194	4582717.4193870	0	0	ND
557	539257.3331600	4582744.1513230	0	0	ND
558	539306.8680045	4582771.5312593	0	0	ND
559	539339.2158218	4582789.4258065	0	0	ND
560	539386.9178679	4582815.5196053	0	0	ND
561	539434.6001333	4582842.1132101	0	0	ND
562	539481.8426228	4582868.0386114	0	0	ND
563	539512.5830264	4582884.6706477	0	0	ND
564	539558.9332796	4582910.0809966	0	0	ND
565	539604.9242358	4582935.4008658	0	0	ND
566	539650.4151866	4582960.3741297	0	0	ND
567	539695.7892191	4582985.2693287	0	0	ND
568	539739.8955960	4583009.5583478	0	0	ND
569	539783.8105711	4583033.6356488	0	0	ND
570	539827.4345700	4583057.3674553	0	0	ND
571	539870.5487307	4583081.0301097	0	0	ND
572	539913.4129328	4583104.4918098	0	0	ND
573	539956.1090603	4583128.0638616	0	0	ND
574	539998.6135680	4583151.4685797	0	0	ND
575	540041.2016409	4583174.8296050	0	0	ND
576	540083.7735211	4583198.0464680	0	0	ND
577	540140.9549371	4583229.2603518	0	0	ND
578	540184.2924532	4583252.9816545	0	0	ND
579	540227.5626908	4583276.7250515	0	0	ND
580	540271.0234862	4583300.7251199	0	0	ND
581	540314.5345208	4583324.6591205	0	0	ND
582	540357.7450243	4583348.4695890	0	0	ND
583	540401.1395157	4583372.2147335	0	0	ND
584	540443.6920072	4583395.5002532	0	0	ND
585	540486.3446588	4583418.7643830	0	0	ND
586	540527.9552760	4583441.4678303	0	0	ND
587	540568.8986615	4583463.8569235	0	0	ND
588	540609.0412711	4583485.8975956	0	0	ND
589	540661.0566980	4583514.8329578	0	0	ND
590	540699.5245486	4583535.8100347	0	0	ND
591	540749.6088874	4583563.1586888	0	0	ND
592	540786.5581179	4583583.5614820	0	0	ND
593	540834.6602434	4583609.5118038	0	0	ND
594	540882.3249281	4583635.8929641	0	0	ND
595	540917.7916540	4583655.2111619	0	0	ND
596	540964.8080959	4583680.8231644	0	0	ND
597	541011.2893168	4583706.4213440	0	0	ND
598	541057.5298256	4583731.6631940	0	0	ND
599	541092.8178858	4583751.3698258	0	0	ND
600	541137.8734335	4583776.1613877	0	0	ND
601	541183.3320315	4583800.5780543	0	0	ND
602	541227.8126319	4583824.9450342	0	0	ND
603	541272.8760039	4583849.6708824	0	0	ND
604	541317.7225107	4583874.2625529	0	0	ND
605	541362.5572489	4583899.3984440	0	0	ND
606	541406.5196962	4583923.5415381	0	0	ND
607	541450.5489100	4583947.6519796	0	0	ND
608	541493.8951839	4583971.2813872	0	0	ND
609	541537.4236587	4583995.1563515	0	0	ND
610	541580.1758023	4584018.8050807	0	0	ND
611	541622.6636503	4584041.8530310	0	0	ND
612	541664.4433348	4584064.4530737	0	0	ND
613	541707.0530820	4584088.0129286	0	0	ND
614	541751.1210113	4584112.3141899	0	0	ND
615	541799.5307491	4584138.8057108	0	0	ND
616	541839.4077820	4584160.6852583	0	0	ND
617	541896.3901890	4584191.9231981	0	0	ND
618	541926.6180182	4584208.5626928	0	0	ND
619	541972.7516836	4584233.8431784	0	0	ND
620	542019.1285070	4584258.9366376	0	0	ND
621	542065.3033229	4584284.2179623	0	0	ND
622	542111.1530849	4584309.2867547	0	0	ND
623	542156.7766735	4584334.3878322	0	0	ND
624	542201.7924742	4584359.0304703	0	0	ND
625	542246.4467032	4584383.9932464	0	0	ND
626	542290.5367025	4584408.1980590	0	0	ND
627	542333.7021315	4584431.8093230	0	0	ND
628	542377.4354810	4584455.4463777	0	0	ND
629	542419.6821002	4584478.8640482	0	0	ND
630	542462.2801243	4584502.1730090	0	0	ND
631	542504.1284845	4584525.0004295	0	0	ND
632	542545.0687914	4584547.2787526	0	0	ND
633	542585.5495683	4584569.4879950	0	0	ND
634	542638.6172324	4584598.7770735	0	0	ND
635	542677.5388855	4584620.2449122	0	0	ND
636	542715.9621299	4584641.1549135	0	0	ND
637	542765.9729393	4584668.4951244	0	0	ND
638	542815.3418143	4584695.4988245	0	0	ND
639	542851.6125669	4584715.6307768	0	0	ND
640	542899.8033236	4584742.4726587	0	0	ND
641	542946.8250088	4584767.6759085	0	0	ND
642	542981.6864734	4584785.7462571	0	0	ND
643	543028.0045672	4584808.3035427	0	0	ND
644	543074.3665727	4584829.0517322	0	0	ND
645	543120.3985847	4584849.0322052	0	0	ND
646	543165.6805034	4584868.6199248	0	0	ND
647	543210.2040511	4584887.8037252	0	0	ND
648	543264.7958223	4584911.5887768	0	0	ND
649	543307.4090231	4584930.0956329	0	0	ND
650	543349.5638233	4584948.3557495	0	0	ND
651	543400.9807789	4584970.4241918	0	0	ND
652	543444.9428266	4584989.6616003	0	0	ND
653	543485.7716197	4585007.3372474	0	0	ND
654	543532.0571884	4585027.8659064	0	0	ND
655	543577.4288286	4585047.4567772	0	0	ND
656	543622.8773804	4585066.7264357	0	0	ND
657	543672.8158906	4585088.3882457	0	0	ND
658	543712.6280453	4585105.3929232	0	0	ND
659	543758.5402517	4585125.2657652	0	0	ND
660	543809.6993862	4585148.1016455	0	0	ND
661	543850.4851182	4585167.0780780	0	0	ND
662	543892.2346105	4585189.7132195	0	0	ND
663	543935.0581153	4585215.7302019	0	0	ND
664	543976.8647245	4585244.0061181	0	0	ND
665	544017.6639824	4585274.3411691	0	0	ND
666	544057.4122806	4585305.6581569	0	0	ND
667	544095.9863239	4585336.2465698	0	0	ND
668	544134.8852781	4585366.9481980	0	0	ND
669	544172.8537092	4585396.7006721	0	0	ND
670	544210.1954835	4585426.3829095	0	0	ND
671	544259.2558763	4585465.2297325	0	0	ND
672	544295.2020697	4585493.4272893	0	0	ND
673	544331.5552796	4585521.9827948	0	0	ND
674	544367.1773187	4585549.8012577	0	0	ND
675	544414.1756122	4585586.6825254	0	0	ND
676	544448.9475194	4585614.0298909	0	0	ND
677	544494.6384805	4585650.0154874	0	0	ND
678	544528.6861884	4585676.8036823	0	0	ND
679	544573.0117947	4585711.8265937	0	0	ND
680	544606.2782171	4585737.8331948	0	0	ND
681	544650.2644397	4585772.2105708	0	0	ND
682	544684.3536018	4585798.8665481	0	0	ND
683	544729.9180510	4585834.6641537	0	0	ND
684	544764.5632633	4585861.8457629	0	0	ND
685	544810.9758789	4585898.1931511	0	0	ND
686	544845.7106804	4585925.6532712	0	0	ND
687	544881.2616363	4585953.5183063	0	0	ND
688	544929.2196522	4585991.1084111	0	0	ND
689	544966.7993812	4586020.5074855	0	0	ND
690	545005.4009282	4586050.8235017	0	0	ND
691	545043.2544022	4586080.4467326	0	0	ND
692	545080.9326459	4586109.9802575	0	0	ND
693	545118.1762844	4586139.4779674	0	0	ND
694	545154.4906936	4586167.8598489	0	0	ND
695	545202.2891237	4586205.1288547	0	0	ND
696	545236.9619243	4586232.6793388	0	0	ND
697	545283.7506830	4586269.5873132	0	0	ND
698	545317.6938221	4586296.1344245	0	0	ND
699	545351.8429597	4586323.1048774	0	0	ND
700	545396.8519189	4586358.4925395	0	0	ND
701	545440.8118880	4586393.1966624	0	0	ND
702	545472.1443748	4586418.8066345	0	0	ND
703	545508.5464620	4586450.0774890	0	0	ND
704	545545.7967270	4586484.6068406	0	0	ND
705	545579.9185910	4586518.2840097	0	0	ND
706	545614.8606016	4586553.0323364	0	0	ND
707	545652.0131028	4586589.6488686	0	0	ND
708	545688.2429748	4586625.4382031	0	0	ND
709	545725.6743894	4586662.7563341	0	0	ND
710	545758.5405138	4586695.2273949	0	0	ND
711	545793.3495130	4586729.5982986	0	0	ND
712	545830.1601694	4586765.8139355	0	0	ND
713	545869.1105900	4586804.4858389	0	0	ND
714	545900.3142693	4586835.3927073	0	0	ND
715	545945.3258833	4586879.9655107	0	0	ND
716	545978.7705037	4586913.1296284	0	0	ND
717	546013.0439562	4586947.2983859	0	0	ND
718	546046.4076546	4586979.9516082	0	0	ND
719	546078.9381801	4587012.1888978	0	0	ND
720	546122.6029536	4587055.3664809	0	0	ND
721	546154.5126353	4587086.5898556	0	0	ND
722	546186.6105848	4587118.3807963	0	0	ND
723	546218.0451232	4587149.3460754	0	0	ND
724	546258.9188855	4587189.7200019	0	0	ND
725	546289.1559868	4587219.7009411	0	0	ND
726	546328.1109875	4587258.1978070	0	0	ND
727	546366.9420333	4587296.4165385	0	0	ND
728	546403.9440065	4587333.1693485	0	0	ND
729	546430.9493977	4587360.1103415	0	0	ND
730	546474.2456522	4587404.0760311	0	0	ND
731	546507.9385441	4587439.4536501	0	0	ND
732	546542.5985618	4587476.3919814	0	0	ND
733	546569.8742206	4587505.3114671	0	0	ND
734	546607.5492478	4587544.9007878	0	0	ND
735	546646.8165577	4587586.2547504	0	0	ND
736	546678.1574899	4587619.4530742	0	0	ND
737	546710.7095203	4587653.9472320	0	0	ND
738	546743.0954484	4587688.2406271	0	0	ND
739	546785.2741522	4587732.6007187	0	0	ND
740	546816.3731240	4587765.5538512	0	0	ND
741	546847.5879038	4587798.6411015	0	0	ND
742	546878.9111420	4587831.7069908	0	0	ND
743	546920.0270110	4587874.8064492	0	0	ND
744	546949.9822999	4587906.1540246	0	0	ND
745	546989.9259971	4587948.2359749	0	0	ND
746	547018.8989019	4587978.9668362	0	0	ND
747	547057.0796175	4588019.6832254	0	0	ND
748	547095.9247922	4588058.3613214	0	0	ND
749	547127.6040463	4588083.8810591	0	0	ND
750	547171.5014562	4588113.7772418	0	0	ND
751	547215.6116763	4588141.7321764	0	0	ND
752	547261.1918821	4588163.2909385	0	0	ND
753	547307.8558872	4588180.0386631	0	0	ND
754	547354.3529805	4588195.4533171	0	0	ND
755	547400.2185790	4588210.3201184	0	0	ND
756	547445.0159843	4588224.9914648	0	0	ND
757	547488.8949857	4588239.5571387	0	0	ND
758	547542.7780334	4588257.2197957	0	0	ND
759	547585.0491856	4588271.0538348	0	0	ND
760	547636.8738180	4588287.8931825	0	0	ND
761	547688.0810142	4588304.5845028	0	0	ND
762	547737.6634672	4588320.5993208	0	0	ND
763	547776.8663073	4588333.4372287	0	0	ND
764	547824.4703922	4588349.1731198	0	0	ND
765	547871.5713100	4588365.1724532	0	0	ND
766	547924.8001584	4588385.4760207	0	0	ND
767	547966.9801883	4588405.2736859	0	0	ND
768	548014.8654032	4588432.6368931	0	0	ND
769	548053.3255346	4588460.2819515	0	0	ND
770	548089.0453230	4588490.4514369	0	0	ND
771	548125.7431780	4588525.4904553	0	0	ND
772	548162.0575282	4588565.3788514	0	0	ND
773	548193.9808205	4588602.2738319	0	0	ND
774	548222.4373997	4588635.3710280	0	0	ND
775	548258.6925908	4588677.7020621	0	0	ND
776	548287.0582481	4588710.5657684	0	0	ND
777	548322.0036082	4588751.2896449	0	0	ND
778	548355.6557017	4588790.4840218	0	0	ND
779	548388.3216188	4588828.4506999	0	0	ND
780	548419.9441122	4588865.0116436	0	0	ND
781	548449.9660395	4588899.7967257	0	0	ND
782	548485.8702010	4588941.7602256	0	0	ND
783	548514.3145467	4588975.0361850	0	0	ND
784	548547.5338620	4589013.6845789	0	0	ND
785	548584.5251727	4589056.5329840	0	0	ND
786	548614.4539989	4589091.2626461	0	0	ND
787	548645.3229271	4589126.5094750	0	0	ND
788	548678.1427623	4589164.7339202	0	0	ND
789	548711.6023885	4589203.4069294	0	0	ND
790	548745.9111633	4589243.6845735	0	0	ND
791	548778.5959535	4589283.1964663	0	0	ND
792	548808.5282257	4589323.3227654	0	0	ND
793	548836.5239066	4589364.4575329	0	0	ND
794	548862.1501314	4589406.3868743	0	0	ND
795	548885.1416176	4589448.8203073	0	0	ND
796	548905.3610788	4589491.0685278	0	0	ND
797	548928.5820145	4589547.6481384	0	0	ND
798	548943.3876829	4589590.0374716	0	0	ND
799	548956.4823911	4589632.2154077	0	0	ND
800	548971.6206795	4589688.3296485	0	0	ND
801	548982.5416931	4589729.5381076	0	0	ND
802	548996.7571896	4589783.7254435	0	0	ND
803	549010.8790204	4589836.9129624	0	0	ND
804	549021.2923115	4589876.5637147	0	0	ND
805	549035.6351798	4589931.5846942	0	0	ND
806	549046.7936192	4589974.6156859	0	0	ND
807	549058.3044752	4590018.6150030	0	0	ND
808	549073.4531873	4590076.6392040	0	0	ND
809	549084.7274743	4590119.7598772	0	0	ND
810	549096.0945413	4590162.7257694	0	0	ND
811	549110.7392598	4590218.6260831	0	0	ND
812	549121.6382144	4590260.3786808	0	0	ND
813	549135.9362296	4590315.6216601	0	0	ND
814	549146.4521219	4590355.9394877	0	0	ND
815	549160.3350213	4590409.5365460	0	0	ND
816	549173.9846715	4590461.7886569	0	0	ND
817	549187.4299548	4590513.3621611	0	0	ND
818	549197.4280311	4590551.1452039	0	0	ND
819	549210.5435915	4590600.8068993	0	0	ND
820	549225.1741501	4590656.0634734	0	0	ND
821	549236.9876633	4590701.8860184	0	0	ND
822	549248.6751298	4590746.5752802	0	0	ND
823	549261.9428618	4590797.0819181	0	0	ND
824	549273.9745946	4590842.6728776	0	0	ND
825	549287.6705764	4590894.0040776	0	0	ND
826	549300.1965134	4590942.9958128	0	0	ND
827	549311.0943430	4590985.8035028	0	0	ND
828	549324.7612553	4591040.0878458	0	0	ND
829	549338.1559408	4591091.4060093	0	0	ND
830	549349.9400945	4591135.1968439	0	0	ND
831	549362.0875647	4591180.7887826	0	0	ND
832	549376.6184543	4591235.6120736	0	0	ND
833	549388.4397715	4591278.7815048	0	0	ND
834	549404.8469381	4591329.0323816	0	0	ND
835	549419.5182049	4591368.1245610	0	0	ND
836	549438.9050223	4591413.6329603	0	0	ND
837	549464.2943275	4591465.3887942	0	0	ND
838	549486.8804983	4591505.7566031	0	0	ND
839	549514.8821643	4591550.2806232	0	0	ND
840	549543.6942083	4591592.2567522	0	0	ND
841	549571.1625341	4591631.6591129	0	0	ND
842	549597.4311177	4591668.2000133	0	0	ND
843	549630.6350827	4591714.9141172	0	0	ND
844	549657.5919678	4591753.2696825	0	0	ND
845	549683.2532112	4591796.6458616	0	0	ND
846	549709.8297145	4591834.3772811	0	0	ND
847	549740.2551015	4591876.9648861	0	0	ND
848	549767.4536799	4591915.2115297	0	0	ND
849	549795.8279097	4591954.8653000	0	0	ND
850	549825.1200029	4591995.7689988	0	0	ND
851	549852.1444132	4592033.7150140	0	0	ND
852	549881.9612298	4592075.9215706	0	0	ND
853	549912.7883566	4592120.4889670	0	0	ND
854	549937.8462723	4592160.1426189	0	0	ND
855	549967.9157248	4592203.0951682	0	0	ND
856	549994.2164394	4592241.6362783	0	0	ND
857	550021.5948792	4592282.4498632	0	0	ND
858	550048.6799523	4592323.3836535	0	0	ND
859	550078.5021070	4592362.0716256	0	0	ND
860	550111.6483358	4592400.5496422	0	0	ND
861	550140.4622174	4592436.4552652	0	0	ND
862	550169.7147345	4592477.6821517	0	0	ND
863	550198.5528823	4592518.4177742	0	0	ND
864	550226.3250953	4592557.5140384	0	0	ND
865	550257.7023179	4592601.6094258	0	0	ND
866	550287.2754370	4592643.3608693	0	0	ND
867	550315.0295182	4592682.5239863	0	0	ND
868	550346.4138382	4592726.6420395	0	0	ND
869	550371.0579077	4592761.5425461	0	0	ND
870	550405.8250127	4592811.3134440	0	0	ND
871	550433.5012625	4592850.6763489	0	0	ND
872	550461.8485173	4592890.7435147	0	0	ND
873	550490.9135855	4592931.9815825	0	0	ND
874	550519.4520452	4592972.0725319	0	0	ND
875	550548.4125122	4593012.6550668	0	0	ND
876	550576.4272845	4593052.3317972	0	0	ND
877	550603.6816763	4593090.8708575	0	0	ND
878	550631.0854126	4593129.4998951	0	0	ND
879	550666.6321277	4593179.4885497	0	0	ND
880	550693.5149663	4593217.3037008	0	0	ND
881	550719.7186240	4593254.3148057	0	0	ND
882	550745.4853586	4593290.5013542	0	0	ND
883	550779.9884350	4593339.0954536	0	0	ND
884	550805.0682733	4593374.3447855	0	0	ND
885	550838.0818251	4593420.9635518	0	0	ND
886	550862.7807037	4593455.6996987	0	0	ND
887	550895.0184726	4593500.9476662	0	0	ND
888	550918.6649807	4593534.4997296	0	0	ND
889	550949.6950045	4593578.0851617	0	0	ND
890	550979.8234202	4593620.4430900	0	0	ND
891	551009.2495730	4593661.7192440	0	0	ND
892	551037.7460734	4593702.2006727	0	0	ND
893	551064.6875387	4593741.7941201	0	0	ND
894	551089.9086340	4593780.2763469	0	0	ND
895	551121.4294391	4593826.1642674	0	0	ND
896	551153.7875149	4593869.2826335	0	0	ND
897	551180.6199730	4593904.0572678	0	0	ND
898	551209.7137851	4593942.4341737	0	0	ND
899	551237.3641213	4593984.2094387	0	0	ND
900	551260.1295755	4594027.3601466	0	0	ND
901	551278.1987261	4594072.3761021	0	0	ND
902	551294.9907428	4594129.1073260	0	0	ND
903	551306.7361973	4594173.5788116	0	0	ND
904	551318.2967130	4594217.0386745	0	0	ND
905	551333.5835370	4594270.5395682	0	0	ND
906	551350.3166479	4594321.3417696	0	0	ND
907	551364.4544164	4594359.1355544	0	0	ND
908	551383.5234638	4594406.5237827	0	0	ND
909	551405.4229681	4594454.9203581	0	0	ND
910	551427.4557146	4594498.6326775	0	0	ND
911	551452.8760701	4594545.9775567	0	0	ND
912	551480.0718100	4594592.4469946	0	0	ND
913	551507.4883422	4594635.9981454	0	0	ND
914	551528.7034271	4594667.8141211	0	0	ND
915	551563.5592913	4594719.0905007	0	0	ND
916	551590.5955707	4594759.6526838	0	0	ND
917	551616.2751191	4594798.4843722	0	0	ND
918	551647.7187032	4594842.3979810	0	0	ND
919	551671.4624455	4594878.7401511	0	0	ND
920	551699.8342384	4594923.7755721	0	0	ND
921	551724.7773211	4594960.3929863	0	0	ND
922	551756.2247324	4595001.2539200	0	0	ND
923	551785.8378293	4595045.2993764	0	0	ND
924	551809.2973180	4595081.5178654	0	0	ND
925	551839.3991601	4595127.1436339	0	0	ND
926	551869.7531522	4595166.6649296	0	0	ND
927	551899.3068821	4595209.4891744	0	0	ND
928	551925.8597977	4595248.2728150	0	0	ND
929	551956.1083586	4595295.3434981	0	0	ND
930	551981.0991920	4595330.7631264	0	0	ND
931	552010.9630326	4595375.5330492	0	0	ND
932	552041.1230490	4595418.5288265	0	0	ND
933	552073.7081927	4595463.1077088	0	0	ND
934	552097.7770045	4595498.9208078	0	0	ND
935	552123.4247296	4595537.9429483	0	0	ND
936	552156.5521938	4595587.0115982	0	0	ND
937	552179.4866118	4595623.7827149	0	0	ND
938	552208.8706995	4595669.9267699	0	0	ND
939	552237.9739612	4595705.2438838	0	0	ND
940	552261.7086436	4595744.3304183	0	0	ND
941	552293.7053670	4595791.4041868	0	0	ND
942	552319.2872601	4595833.4576104	0	0	ND
943	552350.4189478	4595873.1310389	0	0	ND
944	552376.9757258	4595910.7063039	0	0	ND
945	552403.4589340	4595949.1804505	0	0	ND
946	552435.3633036	4595996.0765800	0	0	ND
947	552460.9888174	4596034.2116400	0	0	ND
948	552490.9450888	4596076.9303848	0	0	ND
949	552524.7148891	4596125.3393667	0	0	ND
950	552549.8457547	4596162.5163382	0	0	ND
951	552576.6227244	4596202.7919310	0	0	ND
952	552604.2125147	4596243.7064082	0	0	ND
953	552632.1029470	4596285.6890444	0	0	ND
954	552663.1263207	4596329.4044761	0	0	ND
955	552692.8506217	4596373.8433326	0	0	ND
956	552722.5134500	4596419.7918286	0	0	ND
957	552742.4335105	4596449.2262078	0	0	ND
958	552775.0580049	4596494.0308194	0	0	ND
959	552809.9297560	4596536.1430021	0	0	ND
960	552845.5022167	4596575.9511498	0	0	ND
961	552882.0750564	4596613.5573934	0	0	ND
962	552907.9528961	4596636.0079805	0	0	ND
963	552959.2451063	4596678.0526622	0	0	ND
964	552998.0781801	4596708.8368918	0	0	ND
965	553037.3601609	4596738.6698121	0	0	ND
966	553076.4936742	4596768.2242944	0	0	ND
967	553116.0134576	4596798.5368206	0	0	ND
968	553156.2830188	4596827.8336538	0	0	ND
969	553194.7663107	4596858.3055249	0	0	ND
970	553233.5809863	4596887.9251506	0	0	ND
971	553272.3262394	4596916.7339857	0	0	ND
972	553310.6000919	4596946.0613749	0	0	ND
973	553348.2891694	4596973.1863222	0	0	ND
974	553387.2196113	4597001.6529816	0	0	ND
975	553425.1553227	4597030.3234380	0	0	ND
976	553474.1303437	4597067.8914687	0	0	ND
977	553510.1919714	4597094.9052954	0	0	ND
978	553545.3685146	4597120.8468802	0	0	ND
979	553592.1341391	4597156.9004724	0	0	ND
980	553626.8155259	4597183.1496613	0	0	ND
981	553673.1277516	4597217.2352521	0	0	ND
982	553706.0997939	4597242.1397906	0	0	ND
983	553750.0315328	4597274.2318852	0	0	ND
984	553792.2927798	4597306.5116407	0	0	ND
985	553824.2274245	4597330.5651940	0	0	ND
986	553865.8168244	4597361.1083620	0	0	ND
987	553906.0600429	4597393.1072653	0	0	ND
988	553946.9021938	4597423.0679899	0	0	ND
989	553985.6338375	4597452.9354309	0	0	ND
990	554024.1627694	4597483.0902374	0	0	ND
991	554062.8859106	4597511.7811592	0	0	ND
992	554109.9822157	4597547.5631315	0	0	ND
993	554147.6846043	4597576.5466348	0	0	ND
994	554185.2961735	4597604.2528502	0	0	ND
995	554231.7866807	4597639.4426484	0	0	ND
996	554265.5053745	4597664.3998544	0	0	ND
997	554307.8652416	4597696.2726724	0	0	ND
998	554344.8455285	4597724.5523310	0	0	ND
999	554388.7740120	4597756.3153347	0	0	ND
1000	554426.6502235	4597785.1906285	0	0	ND
1001	554465.0086537	4597814.2474141	0	0	ND
1002	554506.7233551	4597845.1506289	0	0	ND
1003	554542.1097139	4597869.9774439	0	0	ND
1004	554593.8123432	4597909.4059087	0	0	ND
1005	554633.2349045	4597938.7825527	0	0	ND
1006	554661.6393534	4597960.0597099	0	0	ND
1007	554705.0034698	4597992.1646051	0	0	ND
1008	554748.0705852	4598024.8781626	0	0	ND
1009	554794.0731479	4598059.8903542	0	0	ND
1010	554824.7490603	4598082.9396696	0	0	ND
1011	554873.6546529	4598120.0728781	0	0	ND
1012	554905.8761597	4598144.9551611	0	0	ND
1013	554955.0263052	4598181.6355912	0	0	ND
1014	554988.6042124	4598206.8949870	0	0	ND
1015	555022.3924686	4598231.8896848	0	0	ND
1016	555072.2467653	4598269.0648345	0	0	ND
1017	555104.5062322	4598293.1711340	0	0	ND
1018	555153.7731182	4598330.6865595	0	0	ND
1019	555186.5070253	4598355.9515517	0	0	ND
1020	555235.0673169	4598391.9410676	0	0	ND
1021	555267.8839106	4598416.1412132	0	0	ND
1022	555315.0801176	4598451.4990730	0	0	ND
1023	555345.8501628	4598474.8955850	0	0	ND
1024	555392.1471774	4598509.9250818	0	0	ND
1025	555423.0614100	4598534.0336174	0	0	ND
1026	555467.5554017	4598568.0282985	0	0	ND
1027	555511.9026357	4598602.6105780	0	0	ND
1028	555541.6210064	4598624.8340657	0	0	ND
1029	555586.9087216	4598658.5247481	0	0	ND
1030	555629.3131782	4598690.6834952	0	0	ND
1031	555671.1830395	4598721.8058152	0	0	ND
1032	555699.4210457	4598742.2421002	0	0	ND
1033	555740.8309294	4598773.4390021	0	0	ND
1034	555781.4610953	4598804.0194633	0	0	ND
1035	555820.8951863	4598833.8914232	0	0	ND
1036	555859.9477480	4598863.4386688	0	0	ND
1037	555898.8084000	4598892.9513361	0	0	ND
1038	555937.8277343	4598922.3988352	0	0	ND
1039	555989.6121397	4598961.1721100	0	0	ND
1040	556026.3046583	4598988.3148580	0	0	ND
1041	556062.4998035	4599015.0209218	0	0	ND
1042	556098.3827772	4599042.1466479	0	0	ND
1043	556144.9153848	4599078.1267084	0	0	ND
1044	556178.4766230	4599103.3916989	0	0	ND
1045	556224.7358452	4599137.9601095	0	0	ND
1046	556258.9201894	4599163.4746096	0	0	ND
1047	556303.2404919	4599196.2852684	0	0	ND
1048	556348.5788513	4599230.0590081	0	0	ND
1049	556380.8480130	4599253.9714327	0	0	ND
1050	556423.5337973	4599287.6582885	0	0	ND
1051	556465.6121577	4599318.9757545	0	0	ND
1052	556497.0906899	4599342.5605407	0	0	ND
1053	556539.0684103	4599373.8665578	0	0	ND
1054	556578.5478696	4599403.5433067	0	0	ND
1055	556622.4274696	4599435.8084960	0	0	ND
1056	556661.1306605	4599465.4685093	0	0	ND
1057	556696.4057448	4599492.9589237	0	0	ND
1058	556738.4628594	4599524.5554380	0	0	ND
1059	556777.0855423	4599553.7269385	0	0	ND
1060	556816.3443500	4599583.6364534	0	0	ND
1061	556855.2570028	4599612.9772155	0	0	ND
1062	556895.5970476	4599643.1954845	0	0	ND
1063	556939.3316438	4599676.5606989	0	0	ND
1064	556979.7787033	4599706.8691230	0	0	ND
1065	557019.1436473	4599736.8583390	0	0	ND
1066	557062.9090726	4599769.3474516	0	0	ND
1067	557101.4360046	4599797.6428691	0	0	ND
1068	557143.5453123	4599829.5753243	0	0	ND
1069	557178.4567176	4599855.1445091	0	0	ND
1070	557214.2852524	4599881.7759188	0	0	ND
1071	557267.1161311	4599921.4885217	0	0	ND
1072	557296.4078611	4599944.6154207	0	0	ND
1073	557339.1467818	4599975.8212795	0	0	ND
1074	557380.6316851	4600007.3504959	0	0	ND
1075	557425.2596265	4600041.0922678	0	0	ND
1076	557455.1053138	4600063.6580065	0	0	ND
1077	557500.7146253	4600097.6634533	0	0	ND
1078	557548.5487392	4600133.9630498	0	0	ND
1079	557579.2092717	4600156.7467831	0	0	ND
1080	557627.3029083	4600192.8269381	0	0	ND
1081	557658.2889783	4600216.5573636	0	0	ND
1082	557704.2740346	4600251.3110392	0	0	ND
1083	557734.4144074	4600273.3140904	0	0	ND
1084	557779.9228742	4600307.0873963	0	0	ND
1085	557824.7016660	4600340.2777943	0	0	ND
1086	557855.2393282	4600363.6057941	0	0	ND
1087	557898.3038050	4600397.2825237	0	0	ND
1088	557940.9255850	4600429.9567035	0	0	ND
1089	557985.4154628	4600462.5906683	0	0	ND
1090	558014.5628684	4600484.4426001	0	0	ND
1091	558057.5995927	4600517.2429671	0	0	ND
1092	558099.0746543	4600548.1879311	0	0	ND
1093	558140.5349272	4600579.8880161	0	0	ND
1094	558181.6709503	4600610.3866211	0	0	ND
1095	558222.3730749	4600640.8708586	0	0	ND
1096	558262.6281307	4600670.9076033	0	0	ND
1097	558302.2730319	4600700.0403104	0	0	ND
1098	558340.4082280	4600729.1610139	0	0	ND
1099	558378.3524866	4600758.1360415	0	0	ND
1100	558415.2902035	4600786.7589235	0	0	ND
1101	558464.5271120	4600823.7756672	0	0	ND
1102	558499.9695805	4600850.5659918	0	0	ND
1103	558536.3401722	4600875.9983883	0	0	ND
1104	558584.2215410	4600908.2973462	0	0	ND
1105	558620.8182481	4600930.4677792	0	0	ND
1106	558669.1060556	4600958.8513138	0	0	ND
1107	558715.5044471	4600985.7208886	0	0	ND
1108	558749.7101919	4601006.4735393	0	0	ND
1109	558795.8413204	4601034.3407230	0	0	ND
1110	558840.6056321	4601061.0423434	0	0	ND
1111	558885.6264033	4601086.9358364	0	0	ND
1112	558928.7825453	4601111.3598826	0	0	ND
1113	558968.7348886	4601135.9356050	0	0	ND
1114	559009.9366676	4601160.6550276	0	0	ND
1115	559050.6346078	4601184.7487993	0	0	ND
1116	559093.2065976	4601210.1017079	0	0	ND
1117	559136.3981213	4601236.1372384	0	0	ND
1118	559187.4068821	4601265.7679999	0	0	ND
1119	559223.4022190	4601287.6146487	0	0	ND
1120	559276.2038801	4601318.1712376	0	0	ND
1121	559310.5105393	4601338.4389252	0	0	ND
1122	559362.6839878	4601370.2567200	0	0	ND
1123	559404.9082584	4601395.0424052	0	0	ND
1124	559450.5297027	4601422.4322633	0	0	ND
1125	559481.3128672	4601440.0958239	0	0	ND
1126	559525.8716819	4601465.8341649	0	0	ND
1127	559572.7151040	4601493.5791089	0	0	ND
1128	559618.9144035	4601520.5196232	0	0	ND
1129	559664.6036252	4601547.5894498	0	0	ND
1130	559695.3026872	4601566.2192046	0	0	ND
1131	559741.2458106	4601592.7697984	0	0	ND
1132	559786.6533398	4601620.5153601	0	0	ND
1133	559832.9681401	4601647.4138307	0	0	ND
1134	559879.0815603	4601674.4219612	0	0	ND
1135	559910.2008717	4601692.5232114	0	0	ND
1136	559952.6683040	4601717.7028169	0	0	ND
1137	560005.4359896	4601749.5969577	0	0	ND
1138	560042.5564399	4601770.9353489	0	0	ND
1139	560088.7682584	4601797.9567806	0	0	ND
1140	560134.9773221	4601825.2671697	0	0	ND
1141	560169.1066897	4601845.2266917	0	0	ND
1142	560216.0087318	4601874.3531829	0	0	ND
1143	560263.3876294	4601902.2515542	0	0	ND
1144	560298.1593768	4601923.0831095	0	0	ND
1145	560343.1393817	4601949.6073712	0	0	ND
1146	560387.3856175	4601976.0924577	0	0	ND
1147	560430.5938405	4602001.0369053	0	0	ND
1148	560473.1787729	4602025.6988098	0	0	ND
1149	560514.5085382	4602049.8618929	0	0	ND
1150	560563.2378484	4602079.5168019	0	0	ND
1151	560603.6782311	4602102.2850607	0	0	ND
1152	560652.6434593	4602124.6368388	0	0	ND
1153	560690.9323849	4602143.4126189	0	0	ND
1154	560737.2484570	4602164.4325035	0	0	ND
1155	560782.2371021	4602185.6191314	0	0	ND
1156	560827.9757642	4602206.8234864	0	0	ND
1157	560870.9072595	4602227.6713126	0	0	ND
1158	560914.1352745	4602248.9216156	0	0	ND
1159	560965.3967753	4602271.6391854	0	0	ND
1160	561007.0549050	4602289.1683750	0	0	ND
1161	561052.1035103	4602309.0026704	0	0	ND
1162	561097.6988405	4602327.2652725	0	0	ND
1163	561142.0917525	4602347.6719305	0	0	ND
1164	561184.7082428	4602374.9698134	0	0	ND
1165	561224.8510613	4602407.7984003	0	0	ND
1166	561263.6687496	4602440.5160152	0	0	ND
1167	561299.7633137	4602471.8227867	0	0	ND
1168	561335.9185846	4602503.7964423	0	0	ND
1169	561376.7187402	4602539.5515932	0	0	ND
1170	561413.7787499	4602570.9449131	0	0	ND
1171	561450.7864275	4602601.5940855	0	0	ND
1172	561488.2118984	4602629.1714993	0	0	ND
1173	561531.2551241	4602652.0450591	0	0	ND
1174	561583.7038190	4602671.8794087	0	0	ND
1175	561635.0233088	4602686.2640148	0	0	ND
1176	561677.9123567	4602695.9023896	0	0	ND
1177	561735.2918386	4602708.4632430	0	0	ND
1178	561782.6552479	4602720.3501197	0	0	ND
1179	561831.2577990	4602731.6150852	0	0	ND
1180	561876.8687659	4602741.7110555	0	0	ND
1181	561922.4944963	4602752.9843619	0	0	ND
1182	561975.6864170	4602765.6998760	0	0	ND
1183	562017.7067775	4602775.4216385	0	0	ND
1184	562067.2867049	4602786.3857503	0	0	ND
1185	562124.0812668	4602798.9446875	0	0	ND
1186	562172.7004208	4602811.0670548	0	0	ND
1187	562215.6524543	4602820.9756796	0	0	ND
1188	562260.4867533	4602831.1006989	0	0	ND
1189	562314.0399658	4602843.3666394	0	0	ND
1190	562366.0004947	4602855.6413875	0	0	ND
1191	562406.4780905	4602866.2514172	0	0	ND
1192	562454.9148162	4602877.1972088	0	0	ND
1193	562500.8897611	4602888.3884239	0	0	ND
1194	562556.9550822	4602900.2671922	0	0	ND
1195	562601.2711218	4602905.6488613	0	0	ND
1196	562652.0105646	4602909.6433234	0	0	ND
1197	562706.1910135	4602911.0256036	0	0	ND
1198	562758.9728250	4602912.1740358	0	0	ND
1199	562799.3477166	4602912.4817916	0	0	ND
1200	562851.8213510	4602912.6400468	0	0	ND
1201	562903.3258020	4602913.0344808	0	0	ND
1202	562953.8806508	4602913.3321531	0	0	ND
1203	563003.4293889	4602913.3215916	0	0	ND
1204	563052.0541943	4602914.0915922	0	0	ND
1205	563099.7747124	4602913.3994963	0	0	ND
1206	563156.4834768	4602909.7887622	0	0	ND
1207	563200.3911497	4602901.8135939	0	0	ND
1208	563252.6157637	4602888.5823196	0	0	ND
1209	563301.6242852	4602873.2357634	0	0	ND
1210	563350.2700465	4602858.3970839	0	0	ND
1211	563397.7138581	4602843.7368941	0	0	ND
1212	563445.2121156	4602829.5438211	0	0	ND
1213	563489.8339423	4602812.5388210	0	0	ND
1214	563530.4513128	4602788.2817687	0	0	ND
1215	563568.5144349	4602758.7284360	0	0	ND
1216	563612.2710130	4602721.7865740	0	0	ND
1217	563644.8195002	4602691.7629845	0	0	ND
1218	563682.2943777	4602658.1302191	0	0	ND
1219	563717.0424824	4602626.4609511	0	0	ND
1220	563752.7568522	4602593.0461229	0	0	ND
1221	563791.8001508	4602554.7201112	0	0	ND
1222	563829.6578230	4602516.6280590	0	0	ND
1223	563862.1560128	4602487.7819023	0	0	ND
1224	563898.0206862	4602455.4350008	0	0	ND
1225	563939.8070412	4602420.1097363	0	0	ND
1226	563975.0173050	4602389.2341012	0	0	ND
1227	564016.9745357	4602351.6568721	0	0	ND
1228	564053.9896958	4602320.4201601	0	0	ND
1229	564094.9705496	4602284.8998535	0	0	ND
1230	564129.7231829	4602254.0652925	0	0	ND
1231	564166.3813160	4602222.7704475	0	0	ND
1232	564204.4047278	4602195.4961627	0	0	ND
1233	564251.3166568	4602168.2569853	0	0	ND
1234	564298.7319263	4602146.3187608	0	0	ND
1235	564345.4956768	4602128.2721935	0	0	ND
1236	564390.4739190	4602112.2418154	0	0	ND
1237	564432.3518397	4602097.9271471	0	0	ND
1238	564482.8419783	4602080.9807050	0	0	ND
1239	564529.5860565	4602064.3008175	0	0	ND
1240	564574.4992949	4602049.1037212	0	0	ND
1241	564623.0634838	4602033.1402514	0	0	ND
1242	564676.0994524	4602016.0070415	0	0	ND
1243	564726.6942615	4601997.7530664	0	0	ND
1244	564767.5997278	4601983.2428283	0	0	ND
1245	564811.6889152	4601967.0738127	0	0	ND
1246	564857.3344757	4601951.2521757	0	0	ND
1247	564905.9594887	4601933.3147911	0	0	ND
1248	564955.2979473	4601917.6602970	0	0	ND
1249	565005.3946530	4601901.1691493	0	0	ND
1250	565056.7108211	4601883.5568510	0	0	ND
1251	565091.1039316	4601871.0325503	0	0	ND
1252	565143.8975530	4601852.3794303	0	0	ND
1253	565198.3353382	4601833.5972407	0	0	ND
1254	565234.7182772	4601823.3122520	0	0	ND
1255	565288.4958923	4601811.1754998	0	0	ND
1256	565341.9197745	4601803.1218700	0	0	ND
1257	565395.2854243	4601797.8216702	0	0	ND
1258	565430.6712523	4601796.3777655	0	0	ND
1259	565482.5369006	4601797.4044415	0	0	ND
1260	565533.5388310	4601801.7101443	0	0	ND
1261	565582.0004880	4601808.4246474	0	0	ND
1262	565630.0911595	4601818.3226845	0	0	ND
1263	565678.0875902	4601829.3971138	0	0	ND
1264	565740.5749123	4601843.3799389	0	0	ND
1265	565785.4786797	4601855.2262766	0	0	ND
1266	565827.9743848	4601867.7725817	0	0	ND
1267	565882.6744756	4601888.8691656	0	0	ND
1268	565922.1085116	4601906.9950859	0	0	ND
1269	565972.6572937	4601932.4400840	0	0	ND
1270	566005.7766922	4601950.7750876	0	0	ND
1271	566054.7143446	4601977.2607005	0	0	ND
1272	566092.9168916	4601997.7301385	0	0	ND
1273	566134.8512753	4602022.2200815	0	0	ND
1274	566184.3319079	4602050.3104347	0	0	ND
1275	566221.0941095	4602071.3668980	0	0	ND
1276	566272.9199803	4602100.0568107	0	0	ND
1277	566311.0479214	4602121.2484524	0	0	ND
1278	566352.1755396	4602144.4554062	0	0	ND
1279	566406.2343741	4602174.1217532	0	0	ND
1280	566446.8984834	4602196.8919653	0	0	ND
1281	566485.1299020	4602218.5074273	0	0	ND
1282	566527.6618615	4602242.1169895	0	0	ND
1283	566571.2544787	4602266.4139090	0	0	ND
1284	566614.0392028	4602290.5814891	0	0	ND
1285	566661.4446574	4602317.2681162	0	0	ND
1286	566706.8215082	4602342.3818265	0	0	ND
1287	566746.4561832	4602364.4669456	0	0	ND
1288	566787.7474752	4602387.7112817	0	0	ND
1289	566831.7471887	4602411.9802883	0	0	ND
1290	566876.3501762	4602436.7992295	0	0	ND
1291	566923.7935442	4602463.6878395	0	0	ND
1292	566970.8785036	4602489.6296687	0	0	ND
1293	567015.4968015	4602514.4940502	0	0	ND
1294	567055.3022004	4602536.8489803	0	0	ND
1295	567100.7636846	4602562.4323609	0	0	ND
1296	567139.3246201	4602584.0655658	0	0	ND
1297	567182.4783742	4602608.4954304	0	0	ND
1298	567229.1512997	4602634.6127991	0	0	ND
1299	567272.7497388	4602658.6809686	0	0	ND
1300	567320.3029364	4602685.1069565	0	0	ND
1301	567362.0332655	4602708.2699567	0	0	ND
1302	567406.1914978	4602733.0103848	0	0	ND
1303	567453.7086087	4602759.6256937	0	0	ND
1304	567490.1195427	4602780.0304352	0	0	ND
1305	567540.4050276	4602808.3266626	0	0	ND
1306	567577.2299189	4602828.9911141	0	0	ND
1307	567623.7989282	4602855.2211671	0	0	ND
1308	567668.1572353	4602879.7763718	0	0	ND
1309	567709.5605208	4602902.9050569	0	0	ND
1310	567748.3097951	4602924.5211782	0	0	ND
1311	567791.7694061	4602948.8022297	0	0	ND
1312	567838.8753399	4602974.5169197	0	0	ND
1313	567881.7222555	4602998.2820075	0	0	ND
1314	567928.3299282	4603024.6032746	0	0	ND
1315	567969.3752912	4603047.4969497	0	0	ND
1316	568009.5871596	4603070.3385764	0	0	ND
1317	568058.9782462	4603097.5752706	0	0	ND
1318	568100.5524357	4603120.8855333	0	0	ND
1319	568144.7574582	4603145.4423043	0	0	ND
1320	568187.3349708	4603169.2733292	0	0	ND
1321	568229.5429997	4603185.4399011	0	0	ND
1322	568271.4595142	4603208.5878742	0	0	ND
1323	568311.6335757	4603232.5856084	0	0	ND
1324	568358.4390033	4603258.8338908	0	0	ND
1325	568399.6604485	4603281.3431462	0	0	ND
1326	568441.5532937	4603303.3593846	0	0	ND
1327	568488.5105759	4603331.0756040	0	0	ND
1328	568528.2179416	4603352.2832336	0	0	ND
1329	568574.2373464	4603379.4914529	0	0	ND
1330	568614.2451214	4603401.4907610	0	0	ND
1331	568661.2884242	4603427.9209866	0	0	ND
1332	568701.5294683	4603450.7557604	0	0	ND
1333	568743.8236560	4603474.1988493	0	0	ND
1334	568788.6134058	4603498.1879000	0	0	ND
1335	568834.7373706	4603523.8554834	0	0	ND
1336	568879.2983021	4603549.0420735	0	0	ND
1337	568917.9754193	4603569.6424755	0	0	ND
1338	568969.0268408	4603597.7786408	0	0	ND
1339	569010.8617189	4603621.9961660	0	0	ND
1340	569054.3996389	4603646.8076528	0	0	ND
1341	569098.9988372	4603673.0619193	0	0	ND
1342	569145.1799382	4603700.3642725	0	0	ND
1343	569182.8863019	4603721.1899771	0	0	ND
1344	569232.4666135	4603749.5137779	0	0	ND
1345	569270.8947976	4603771.5127422	0	0	ND
1346	569308.5523431	4603792.1387951	0	0	ND
1347	569359.2484526	4603820.4964481	0	0	ND
1348	569395.9716833	4603841.1361714	0	0	ND
1349	569444.9550243	4603868.0900199	0	0	ND
1350	569494.5736546	4603894.8282817	0	0	ND
1351	569531.7516461	4603914.0518923	0	0	ND
1352	569581.2553181	4603937.9583254	0	0	ND
1353	569618.7359288	4603955.1534263	0	0	ND
1354	569667.6107879	4603975.0683117	0	0	ND
1355	569716.0838268	4603994.2690331	0	0	ND
1356	569763.8892497	4604011.7981237	0	0	ND
1357	569810.8071408	4604027.9865337	0	0	ND
1358	569857.8711996	4604044.5541849	0	0	ND
1359	569903.0432263	4604061.0704567	0	0	ND
1360	569949.6029401	4604077.1674805	0	0	ND
1361	569997.8386415	4604094.0583454	0	0	ND
1362	570048.4177825	4604111.6829642	0	0	ND
1363	570102.5643313	4604130.1865524	0	0	ND
1364	570145.5132139	4604146.3274062	0	0	ND
1365	570190.2278106	4604161.7529302	0	0	ND
1366	570236.8144137	4604177.5301103	0	0	ND
1367	570283.1939542	4604193.1501280	0	0	ND
1368	570331.5488456	4604209.6336097	0	0	ND
1369	570379.3978399	4604227.5336941	0	0	ND
1370	570426.0792675	4604244.6121326	0	0	ND
1371	570471.2141529	4604261.2649084	0	0	ND
1372	570514.8140265	4604278.8689139	0	0	ND
1373	570571.5454432	4604304.7073971	0	0	ND
1374	570612.4149736	4604324.4170578	0	0	ND
1375	570652.9596500	4604344.0793526	0	0	ND
1376	570704.2646254	4604370.6428483	0	0	ND
1377	570741.0918318	4604391.0685561	0	0	ND
1378	570789.6807776	4604419.9598722	0	0	ND
1379	570835.4322658	4604449.1455829	0	0	ND
1380	570868.2440489	4604471.7863969	0	0	ND
1381	570910.0886501	4604500.6454265	0	0	ND
1382	570951.7381355	4604528.9698246	0	0	ND
1383	570992.3829458	4604557.7064836	0	0	ND
1384	571033.3566609	4604586.8685548	0	0	ND
1385	571075.7443308	4604616.3113181	0	0	ND
1386	571119.9074977	4604647.4040824	0	0	ND
1387	571154.5712852	4604672.2408118	0	0	ND
1388	571191.6020830	4604698.7666391	0	0	ND
1389	571242.1737510	4604733.2768132	0	0	ND
1390	571280.7156234	4604761.1837916	0	0	ND
1391	571321.2717217	4604790.1990822	0	0	ND
1392	571362.6456050	4604819.0894831	0	0	ND
1393	571403.2805376	4604848.4946522	0	0	ND
1394	571443.6341918	4604877.6529925	0	0	ND
1395	571484.5130848	4604905.9285202	0	0	ND
1396	571524.6984636	4604934.3417360	0	0	ND
1397	571564.2554128	4604962.2159716	0	0	ND
1398	571603.2244047	4604989.6737558	0	0	ND
1399	571642.0758666	4605017.1861052	0	0	ND
1400	571692.7618992	4605053.1663443	0	0	ND
1401	571730.7941174	4605080.0159272	0	0	ND
1402	571768.6765646	4605105.9759558	0	0	ND
1403	571805.2879261	4605131.4904702	0	0	ND
1404	571852.3648310	4605165.6482051	0	0	ND
1405	571888.2873992	4605189.9682171	0	0	ND
1406	571935.7494482	4605223.0422383	0	0	ND
1407	571971.4008715	4605247.7485863	0	0	ND
1408	572017.3346942	4605281.0410440	0	0	ND
1409	572050.9467033	4605307.0930944	0	0	ND
1410	572092.6338482	4605343.2303865	0	0	ND
1411	572124.1398885	4605370.6162955	0	0	ND
1412	572161.9024722	4605406.5703085	0	0	ND
1413	572200.4118532	4605441.9879623	0	0	ND
1414	572238.0418257	4605473.6440574	0	0	ND
1415	572283.1136671	4605507.8512071	0	0	ND
1416	572319.3010223	4605533.7083847	0	0	ND
1417	572359.9158808	4605561.8420792	0	0	ND
1418	572399.1755436	4605588.7854091	0	0	ND
1419	572444.0555070	4605618.7279745	0	0	ND
1420	572483.0317044	4605646.4461605	0	0	ND
1421	572523.0411783	4605675.8071848	0	0	ND
1422	572569.3307887	4605707.1860110	0	0	ND
1423	572610.0133587	4605736.6764677	0	0	ND
1424	572656.2209187	4605768.6768356	0	0	ND
1425	572692.4486467	4605794.4031287	0	0	ND
1426	572730.1272823	4605820.8549036	0	0	ND
1427	572769.5161646	4605848.7565296	0	0	ND
1428	572810.2301016	4605877.4601380	0	0	ND
1429	572851.1396661	4605906.5656903	0	0	ND
1430	572894.2648909	4605936.5822177	0	0	ND
1431	572937.1432501	4605967.0739560	0	0	ND
1432	572982.0804535	4605998.3196816	0	0	ND
1433	573011.7972362	4606019.0960606	0	0	ND
1434	573055.9763766	4606050.2457406	0	0	ND
1435	573099.8452488	4606080.7263429	0	0	ND
1436	573143.1933956	4606110.7466853	0	0	ND
1437	573186.2859082	4606140.4649043	0	0	ND
1438	573228.7863074	4606170.1884640	0	0	ND
1439	573272.0388170	4606199.6756735	0	0	ND
1440	573300.0648749	4606219.3701296	0	0	ND
1441	573341.4975452	4606248.2840484	0	0	ND
1442	573381.5145860	4606276.2399747	0	0	ND
1443	573434.2373169	4606311.8318151	0	0	ND
1444	573474.3108049	4606337.4571316	0	0	ND
1445	573514.5151997	4606361.6627774	0	0	ND
1446	573553.5869331	4606384.9576885	0	0	ND
1447	573606.3579335	4606413.2341594	0	0	ND
1448	573645.5585124	4606432.8445607	0	0	ND
1449	573696.9221883	4606457.6985404	0	0	ND
1450	573734.5902808	4606475.5504892	0	0	ND
1451	573785.9391953	4606500.1606933	0	0	ND
1452	573822.6220031	4606518.1584508	0	0	ND
1453	573875.6818176	4606542.4648797	0	0	ND
1454	573915.0791364	4606560.6353598	0	0	ND
1455	573965.1522023	4606583.5904458	0	0	ND
1456	574003.0361056	4606600.5910888	0	0	ND
1457	574049.4205445	4606621.5768043	0	0	ND
1458	574098.3826038	4606644.7101554	0	0	ND
1459	574144.5539148	4606666.9156838	0	0	ND
1460	574184.5643525	4606684.4944117	0	0	ND
1461	574234.9722338	4606707.1439790	0	0	ND
1462	574280.4951024	4606729.1216361	0	0	ND
1463	574320.8847425	4606748.6481665	0	0	ND
1464	574365.6074056	4606768.9858921	0	0	ND
1465	574413.5860433	4606791.1341624	0	0	ND
1466	574464.4669531	4606815.4446920	0	0	ND
1467	574505.5537169	4606833.5471574	0	0	ND
1468	574546.8212554	4606853.4838126	0	0	ND
1469	574600.6883011	4606878.2371261	0	0	ND
1470	574640.2680051	4606896.9576385	0	0	ND
1471	574693.7704255	4606920.6530484	0	0	ND
1472	574733.2599702	4606939.1843889	0	0	ND
1473	574773.3048960	4606957.1776573	0	0	ND
1474	574825.7883201	4606981.8183738	0	0	ND
1475	574864.6996189	4606999.8003631	0	0	ND
1476	574916.8336394	4607024.3270865	0	0	ND
1477	574956.6776755	4607043.1187591	0	0	ND
1478	574996.6806264	4607061.8345915	0	0	ND
1479	575050.7019985	4607086.6817958	0	0	ND
1480	575090.9639411	4607104.4903819	0	0	ND
1481	575138.9738339	4607126.4218656	0	0	ND
1482	575181.2342556	4607145.9173872	0	0	ND
1483	575226.1449805	4607166.9398747	0	0	ND
1484	575269.2628115	4607185.6787570	0	0	ND
1485	575321.4236402	4607210.5751825	0	0	ND
1486	575364.3517505	4607231.4667435	0	0	ND
1487	575412.1183944	4607259.7487606	0	0	ND
1488	575451.0829298	4607285.0850942	0	0	ND
1489	575490.4238294	4607307.8828915	0	0	ND
1490	575533.6108318	4607334.9628771	0	0	ND
1491	575580.4895895	4607363.5587211	0	0	ND
1492	575627.0597250	4607382.6470082	0	0	ND
1493	575673.5932812	4607394.1070889	0	0	ND
1494	575725.0892271	4607406.7079030	0	0	ND
1495	575772.8924265	4607418.6372564	0	0	ND
1496	575820.4089304	4607437.1927220	0	0	ND
1497	575862.4112486	4607458.6993630	0	0	ND
1498	575903.6016933	4607486.8376025	0	0	ND
1499	575940.8714174	4607513.0026409	0	0	ND
1500	575983.7823410	4607543.0693472	0	0	ND
1501	576027.4539035	4607571.3011763	0	0	ND
1502	576071.8839952	4607591.6022676	0	0	ND
1503	576112.4886616	4607606.4556940	1	0	ND
